WebGL/media/main/earth_globe/female.asc
ncols         360
nrows         145
xllcorner     -180
yllcorner     -60
cellsize      0.99999999999994
NODATA_value  -9999
[rows 32 to 63 of 145, columns 142 to 212 of 360]
-9999 -9999 -9999 -9999 -9999 -9999 -9999 -9999 -9999 -9999 -9999 -9999 -9999 -9999 -9999 -9999 -9999 -9999 -9999 -9999 -9999 -9999 -9999 -9999 -9999 -9999 -9999 3031.193 61677.64 125466.6 105028.9 90136.41 209.0484 38718.93 63990.72 729166.7 1633459 627636.9 322929.7 312776.5 -9999 -9999 1324433 896866.7 605826.9 409709.5 560437.9 604555.3 427355.9 223448.3 152822.5 1466431 144749.4 179173.1 421607 284416.2 285937.5 268985.2 605164.6 655391.7 157579.4 201310.4 74820.27 66529.27 102959.8 86939.49 45240.91 94963 188971.2 144981.7 82488.78
-9999 -9999 -9999 -9999 -9999 -9999 -9999 -9999 -9999 -9999 -9999 -9999 -9999 -9999 -9999 -9999 -9999 -9999 -9999 -9999 -9999 -9999 -9999 -9999 -9999 -9999 -9999 2388.839 16687.99 122984.3 4434.563 -9999 8624.469 129845.4 608108.7 736612.1 513347.8 3639333 1551152 206819.3 114781.2 401212.5 1548937 1130415 1802124 1853231 526504.7 407124.9 287513.3 345345.1 490074.2 372387.9 254053.7 269200.4 428789.5 378617.3 250059.1 596184.9 231816.6 314046.5 358129.4 113158.9 99206.75 88093.4 91419.27 51737.67 51880.52 39843.39 44842.2 183385.9 62259.47
-9999 -9999 -9999 -9999 -9999 -9999 -9999 -9999 -9999 -9999 -9999 -9999 -9999 -9999 -9999 -9999 -9999 -9999 -9999 -9999 -9999 -9999 -9999 -9999 -9999 -9999 -9999 -9999 -9999 -9999 -9999 -9999 87632.98 192402.9 218249.1 125825.9 536879.2 291464.7 139404.3 170136.7 531502.2 1119234 1239553 699835.6 762607.1 908242.6 1184712 324567.5 333478.9 346980.2 528266.7 342247.8 807943.6 394792.6 355599.2 283909.3 881624.2 929505.2 434695.6 376528.5 296759.2 190008.6 195643.6 223648.3 243243.6 123763.9 205673.7 109900.6 1328374 116340.1 100279.4
-9999 -9999 -9999 -9999 -9999 -9999 -9999 -9999 -9999 -9999 -9999 -9999 -9999 -9999 -9999 -9999 -9999 -9999 -9999 -9999 -9999 -9999 -9999 -9999 -9999 -9999 -9999 -9999 -9999 -9999 -9999 686.4223 460.5632 -9999 -9999 54325.53 102656.3 160840.2 275477.5 394715.5 574434.8 213415.5 190690.8 194204.6 678701.4 495702.7 1296094 520037.5 409108.8 519672.8 243007.1 228114.6 257500.8 214659.5 401705.2 395843.7 728401.4 461985.7 411973.4 311454.4 191724.8 417571.5 384065.2 253740.3 183913.7 160214.3 304821.3 104833.2 200933.6 157978 179006.3
-9999 -9999 -9999 -9999 -9999 -9999 -9999 -9999 -9999 -9999 -9999 -9999 -9999 -9999 -9999 -9999 -9999 -9999 -9999 -9999 -9999 -9999 -9999 -9999 -9999 -9999 -9999 -9999 -9999 -9999 -9999 -9999 231.6707 171804.6 111931.5 147113.3 311492.5 142116.5 147449.9 330113.4 3633314 138555.2 133235.2 91162.28 279434.4 630881.3 688876.1 1125106 524351.4 1048525 356845.5 281459 360837.1 174291 886688.7 514876.1 326729.3 220390.4 266899.4 345492.3 304206.4 222313.4 293315.2 333014.4 247038.6 180545.2 153593.4 137908.9 154612.4 90321.23 162475.1
-9999 -9999 -9999 -9999 -9999 -9999 -9999 -9999 -9999 -9999 -9999 -9999 -9999 -9999 -9999 -9999 -9999 -9999 -9999 -9999 -9999 -9999 -9999 -9999 -9999 -9999 -9999 -9999 -9999 -9999 -9999 -9999 -9999 36632.93 120666.4 206010.5 397164.4 267277.2 274552.3 215632.6 143363.2 94750.61 70984.48 194730.1 275292.1 797072.6 1055480 585012.3 224087.4 298399.3 239770.6 206643.6 87405.05 256386 289627.2 248711.1 471124.7 948056.3 196633.1 353200.3 211223.4 227029.1 143227.3 114631.1 301997.1 347489 424905.3 184113.3 69502.37 93059.53 76159.16
-9999 -9999 -9999 -9999 -9999 -9999 -9999 -9999 -9999 -9999 -9999 -9999 -9999 -9999 -9999 -9999 -9999 -9999 -9999 -9999 -9999 -9999 -9999 -9999 -9999 -9999 -9999 -9999 -9999 -9999 -9999 -9999 -9999 -9999 -9999 9148.591 210389.7 169521.5 150293.4 86279.83 77731.88 113360 227976.9 161728.8 628202.4 364117.4 143039.9 141034.4 66121.06 256589 110230.1 186821.4 347762.4 335959.8 258072.9 163448.7 256896.4 209606.1 225521.1 216809.6 80050.27 293766.4 230558.5 123510.5 280014.2 172137.8 301734.6 267634.2 540423.4 70267.8 356345.8
-9999 -9999 -9999 -9999 -9999 -9999 -9999 -9999 -9999 -9999 -9999 -9999 -9999 -9999 -9999 -9999 -9999 -9999 -9999 -9999 -9999 -9999 -9999 -9999 -9999 -9999 -9999 -9999 -9999 -9999 -9999 -9999 -9999 -9999 -9999 -9999 31674.35 170704.1 150778.9 175432.5 47575.39 231558.4 869769.3 509753.6 167890.8 650558.6 803460.9 2063174 663419.1 820859.5 623660.9 258405.7 170225.9 340214.7 287173.5 136166.8 223801.8 322152.5 183852.9 273113.8 121357.7 168359.7 223065.1 345158 188210.9 280303.7 267380 70811.26 4792.823 -9999 6956.858
-9999 -9999 -9999 -9999 -9999 -9999 -9999 -9999 -9999 -9999 -9999 -9999 -9999 -9999 -9999 -9999 -9999 -9999 -9999 -9999 -9999 -9999 -9999 -9999 -9999 -9999 -9999 -9999 -9999 -9999 -9999 -9999 -9999 -9999 -9999 -9999 41159.41 405589.9 153823.9 110046.3 101492 48945.94 272539.8 79204.38 53784.56 277085.9 468688.8 211313.7 553587.4 544758.4 265142.3 26959.86 11252.46 79204.03 112128.1 257586.2 325831.9 256301 824203.3 133473.3 140142.7 250167.5 289155.2 377287 962260.1 130693 218668.7 930.842 -9999 -9999 -9999
-9999 -9999 -9999 -9999 -9999 -9999 -9999 -9999 -9999 -9999 -9999 -9999 -9999 -9999 -9999 -9999 -9999 -9999 -9999 -9999 -9999 -9999 -9999 -9999 -9999 -9999 -9999 -9999 6821.743 240946.3 72452.24 39795.77 310912 56248.34 253041.4 413743.5 242452 187116.9 120464.8 490078.3 167871.7 341657.6 309692.8 787542.8 248189.1 343534.9 18922.05 147.8634 449452.4 531425.3 318805 311717 -9999 25216.24 153852.8 160336.6 218655.4 109196.1 212522.3 310476.4 100927.4 130374.9 163601 179978.7 177597.2 245669.3 55724.07 -9999 -9999 -9999 -9999
-9999 -9999 -9999 -9999 -9999 -9999 -9999 -9999 -9999 -9999 -9999 -9999 -9999 -9999 -9999 -9999 -9999 -9999 -9999 -9999 -9999 -9999 -9999 -9999 -9999 -9999 -9999 -9999 16611.79 439951.9 117928.8 60797.86 108786.4 34176.61 85485.65 215913.3 192505.3 37422.32 28998.79 81581.45 215814.3 48158.21 -9999 -9999 1071.91 -9999 10183.5 46673.38 34441.39 110171.8 369436.4 257120.7 224602 224.3588 3718.427 12555.17 84071.54 175500.7 364635 425801 102203.3 604648.2 286579.2 192772 120597.8 141520.9 1.184465 -9999 -9999 -9999 -9999
-9999 -9999 -9999 -9999 -9999 -9999 -9999 -9999 -9999 -9999 -9999 -9999 -9999 -9999 -9999 -9999 -9999 -9999 -9999 -9999 -9999 -9999 -9999 -9999 -9999 -9999 -9999 -9999 -9999 1043091 125536.7 33877.45 60592.01 208850.8 28353.98 23499.41 119699.7 204977.2 136228.5 529488.8 1576903 32145.28 -9999 -9999 -9999 -9999 33383.61 23656.52 -9999 1.342869 1263205 329309.6 407585 241005.7 395937.3 15334.32 -9999 437671.6 247578 277764.3 154403.1 130342.5 123455.1 156613.1 144669 265261 2699199 1021132 31845.78 181123.8 194767.3
-9999 -9999 -9999 -9999 -9999 -9999 -9999 -9999 -9999 -9999 -9999 -9999 -9999 -9999 -9999 -9999 -9999 -9999 -9999 -9999 -9999 -9999 -9999 -9999 -9999 -9999 -9999 -9999 -9999 387968.7 147374.3 39196.26 110651.2 166685.6 2244551 20385.05 32700.02 50910.5 96645.75 -9999 -9999 5088.474 1608.827 -9999 -9999 -9999 128521.3 87041.41 -9999 -9999 1006.403 23537.65 1449233 228055 193692.8 392785.8 200570.5 196009.4 119498.2 106365.6 471933.5 88573.66 42321.98 25881.15 112846.4 140934.3 511303.7 1852268 423870 181945.1 460769.3
-9999 -9999 -9999 -9999 -9999 -9999 1308.979 -9999 -9999 961.9876 448.6412 -9999 -9999 -9999 -9999 -9999 -9999 -9999 -9999 -9999 -9999 -9999 -9999 -9999 -9999 -9999 -9999 -9999 95716.56 260050 52180.55 92610.29 44566.18 91949.45 130439.2 64285.2 59040.79 840508.6 5163.668 10167.44 223622 69396.44 19140.24 -9999 -9999 -9999 135528.4 187292.4 -9999 -9999 -9999 -9999 -9999 29567.74 247704.8 33050.76 51046.8 35482.62 100546.9 79601.39 155779.5 14960.02 388.9898 6199.771 139524.5 279688.8 134404.9 161612.3 309472.5 41564.12 1008348
-9999 -9999 -9999 -9999 -9999 -9999 -9999 -9999 -9999 12050.63 20367.92 -9999 -9999 -9999 -9999 -9999 -9999 -9999 -9999 -9999 -9999 -9999 -9999 -9999 -9999 -9999 -9999 -9999 878527.2 137104.7 81450.8 133440.7 47034.57 59331.45 123722.4 33408.24 195162 617636.7 44452.22 39284.29 -9999 -9999 -9999 -9999 -9999 -9999 2452.552 52.33316 -9999 -9999 41743.28 343704.4 51392.01 261553.4 215606.9 4992.375 -9999 -9999 29913.81 153658.9 90398.79 641700.1 13830 1068.263 139801.6 1393219 241180.7 173904.9 183315.7 114785.6 153263.4
-9999 -9999 -9999 -9999 -9999 -9999 -9999 -9999 -9999 -9999 -9999 -9999 47226.62 -9999 -9999 -9999 -9999 -9999 -9999 -9999 -9999 -9999 -9999 -9999 -9999 -9999 -9999 -9999 -9999 111512.9 116618.4 308355 439507 294815.1 320635.6 55042.41 259366.7 127480.7 -9999 -9999 -9999 -9999 -9999 -9999 17555.84 3971.705 2087.556 142317.1 38550.77 1817.166 101188.8 224478.8 282949.3 371893.9 1413.638 -9999 -9999 -9999 12327.73 67195.63 114968.3 774561.1 24506.04 15904.96 17450 292955 212320.9 265676.8 286389 105206 265591.1
-9999 -9999 -9999 -9999 -9999 -9999 -9999 -9999 -9999 -9999 -9999 -9999 1862.041 -9999 -9999 -9999 -9999 -9999 -9999 -9999 -9999 -9999 -9999 -9999 -9999 -9999 -9999 -9999 -9999 -9999 347.0296 246817.5 251638.3 443812.1 74203.55 159368.3 1685.69 -9999 180529.7 431724.3 910284.6 1587042 724937.2 693398.3 870137.7 655467.9 297284.4 263922.9 1099102 22634.4 415.4005 -9999 110758.9 28633.49 -9999 -9999 -9999 -9999 -9999 5586.176 16707.41 3264.193 2644.348 7782.105 3306.933 26406.52 91566.87 107637.3 317818.8 54483.58 134882
-9999 -9999 -9999 -9999 -9999 -9999 -9999 -9999 -9999 -9999 -9999 -9999 -9999 -9999 -9999 -9999 -9999 -9999 -9999 -9999 -9999 -9999 -9999 -9999 -9999 -9999 -9999 -9999 -9999 -9999 -9999 74608.52 686760.2 59836.44 130168.9 160782.7 186331.6 776047.5 565256.6 318281.2 162718.8 130918.1 241471.1 340496.2 314054.4 253629.9 239782.8 221278.9 589523.3 29635.5 1985.201 -9999 130278.6 -9999 -9999 -9999 -9999 -9999 -9999 -9999 -9999 15985.52 73673.16 105626.8 5449.226 2137.37 -9999 -9999 -9999 -9999 14933.39
-9999 -9999 -9999 -9999 -9999 -9999 -9999 -9999 -9999 -9999 -9999 -9999 -9999 -9999 -9999 -9999 -9999 -9999 -9999 -9999 -9999 -9999 -9999 -9999 -9999 -9999 -9999 -9999 -9999 -9999 -9999 668217.6 612166.9 519131 142453.8 209085.5 400290.4 80090.81 96775.91 38707.54 92256.06 193622.2 53703.61 184516 40049.07 37410.05 136069.6 135160.6 262920 5019.445 -9999 -9999 -9999 -9999 -9999 -9999 -9999 -9999 -9999 -9999 -9999 0.9373538 754.0804 1272.638 13.15489 -9999 -9999 -9999 -9999 -9999 55853
-9999 -9999 -9999 -9999 -9999 -9999 -9999 -9999 -9999 -9999 -9999 -9999 -9999 -9999 -9999 -9999 -9999 -9999 -9999 -9999 -9999 1955.868 -9999 -9999 -9999 -9999 -9999 -9999 -9999 167979 1674935 555822.2 510115.8 169562.1 43580.68 8242.664 8028.673 30109 20104.23 21180.23 61945.82 29332.03 10625.03 71012.63 145048.3 29975.49 33432.95 63433 210146.4 26949.65 -9999 -9999 -9999 -9999 -9999 -9999 -9999 -9999 -9999 -9999 -9999 -9999 -9999 -9999 -9999 -9999 -9999 -9999 -9999 -9999 -9999
-9999 -9999 -9999 -9999 -9999 -9999 -9999 -9999 -9999 -9999 -9999 -9999 -9999 -9999 -9999 -9999 -9999 -9999 -9999 -9999 14183.43 78226.12 -9999 -9999 -9999 -9999 -9999 -9999 162121.3 306507.5 278584.2 523606.6 137571.2 65850.77 17714.65 5533.088 17782.22 24169.36 14380.49 8028.739 8170.662 59609.11 56655.64 25387.5 23854.14 2010.853 2889.671 8292.004 32779.18 79738.46 187827.3 568122.3 67652.1 8288.315 -9999 -9999 -9999 76.52298 58390.43 63823.04 22311.35 3746.632 49.43922 -9999 -9999 -9999 -9999 -9999 -9999 -9999 -9999
-9999 -9999 -9999 -9999 -9999 -9999 -9999 -9999 -9999 -9999 -9999 -9999 -9999 -9999 -9999 -9999 -9999 -9999 -9999 -9999 -9999 -9999 -9999 -9999 -9999 -9999 -9999 -9999 162474.3 273954.9 547284.5 124785.2 84563.59 102753.3 10936.21 32602.82 35119.86 1720.086 1224.159 12173.09 5298.805 3707.039 15222.89 17811.78 1489.206 191.0499 191.0499 1217.282 4404.4 7325.601 14118.34 41496.04 66154.05 24511.38 1467.831 328.8304 -9999 4536.466 152563.3 82983.6 26481.31 8276.41 7145.206 5833.001 24944.27 39525.29 2122.743 951668.9 2001181 1942196 282812.9
-9999 -9999 -9999 -9999 -9999 -9999 -9999 -9999 -9999 -9999 -9999 -9999 -9999 -9999 -9999 -9999 -9999 -9999 -9999 -9999 -9999 -9999 -9999 -9999 -9999 -9999 -9999 -9999 542205.1 166473.6 52931.34 76068.95 57176.95 2172.75 2344.53 4962.22 2872.41 2328.498 1758.708 3696.758 3791.918 3733.548 2438.844 2290.594 1962.349 253.1301 292.2245 1581.082 4822.23 5755.646 14267.19 18607.92 28724.73 6787.767 6787.767 6545.007 3483.088 1369.032 3226.09 3279.557 5431.93 6974.681 6301.487 7.158066 -9999 1145.283 5904.873 190566.8 1843682 8387500 457269.4
-9999 -9999 -9999 -9999 -9999 -9999 -9999 -9999 -9999 -9999 -9999 -9999 -9999 -9999 -9999 -9999 -9999 -9999 -9999 -9999 -9999 -9999 -9999 -9999 14499.43 -9999 -9999 41423.24 129203.4 23935.42 14476.12 3627.58 2671.671 271.1831 309.6516 2686.068 2896.399 7192.748 7382.358 8088.104 2286.433 2278.6 2172.71 1083.271 251.0717 252.5437 410.3229 1816.409 5266.765 5774.863 14411.69 14411.69 9328.364 3948.163 4579.696 5502.471 5573.012 3312.722 3312.772 3312.772 3312.772 6989.165 6536.862 3379.968 2941.004 -9999 -9999 -9999 900319.6 1997481 94692.29
-9999 -9999 -9999 -9999 -9999 -9999 -9999 -9999 -9999 -9999 -9999 -9999 -9999 -9999 -9999 -9999 -9999 -9999 -9999 67.47983 33905.89 303862.1 190302.5 15573.15 53575.4 53.89954 25924.92 20164.64 11293.48 3013.572 361.7319 129.0285 129.0285 178.1509 301.488 1124.252 3564.932 15294.04 6349.667 3189.928 2486.103 1838.841 523.8934 310.319 221.2811 221.2811 426.5573 1322.925 3164.135 3026.863 3235.279 3210.551 2676.847 1835.806 1655.846 1740.96 3266.489 3239.551 3344.978 3343.663 3344.978 6567.324 6856.741 -9999 46.07263 -9999 8687.739 1697.043 1102860 19387.5 6415.757
-9999 -9999 -9999 -9999 -9999 -9999 -9999 -9999 -9999 -9999 -9999 -9999 -9999 -9999 -9999 -9999 -9999 -9999 -9999 1399.808 1888.512 93.88555 101655.9 -9999 68398.47 2999.831 451.0753 249.2828 210.038 1536.715 2267.686 2097.797 684.8121 130.2316 293.8654 6444.952 6948.933 20263.48 4712.261 3692.727 2175.412 418.6947 350.8423 301.3363 261.1279 469.2336 739.1266 1304.439 2153.941 2781.77 3165.729 4163.947 10349.38 19805.94 3068.36 1671.285 1671.285 3049.421 3318.457 3338.463 3343.13 3313.429 3261.518 -9999 -9999 2442.436 1225.564 -9999 824354.9 579863.7 1143.286
-9999 -9999 -9999 -9999 -9999 -9999 -9999 -9999 -9999 -9999 -9999 -9999 -9999 -9999 -9999 -9999 -9999 -9999 -9999 -9999 -9999 -9999 -9999 13356.17 4605.903 223.0072 17663.27 24.11042 20.40438 102.643 966.6602 2198.693 2420.293 1913.587 1165.53 2411.538 2266.946 1425.919 5642.407 6803.782 2145.95 1902.464 260.7867 260.1674 412.5751 717.8282 717.8282 1018.474 1729.187 4092.706 8082.539 8265.422 14391.84 3635.28 1290.115 1597.576 1551.871 639.0505 430.5957 430.5957 430.5957 430.5957 430.5949 -9999 -9999 3874.062 -9999 -9999 -9999 1262743 646032.3
-9999 -9999 -9999 -9999 -9999 -9999 -9999 -9999 -9999 -9999 -9999 -9999 -9999 -9999 -9999 -9999 -9999 -9999 -9999 -9999 -9999 -9999 -9999 23.04713 55.36803 61.07575 112.1603 112.1912 112.1195 112.186 112.2741 249.9055 1061.377 589.2004 554.1754 578.8721 579.3659 579.3659 579.3659 1056.977 888.2485 1322.698 134.3868 237.897 380.0059 611.9558 509.7446 889.6731 1731.468 3483.793 3290.198 1351.708 1061.364 1061.364 1061.364 1061.364 1061.364 541.0852 434.2769 434.2769 434.2769 434.2769 434.2761 -9999 -9999 -9999 22565.28 5138.395 23478.05 -9999 623324
-9999 -9999 -9999 -9999 -9999 -9999 -9999 -9999 -9999 -9999 -9999 -9999 -9999 -9999 -9999 -9999 -9999 -9999 -9999 -9999 -9999 -9999 36.43878 16.58844 27.73026 30.78222 74.44896 74.44885 74.44875 74.44863 74.44852 147.7775 214.3095 254.771 364.7167 411.5591 452.1404 495.3794 542.2087 430.5141 135.4782 135.4782 135.4782 209.7648 259.7623 270.0191 439.2997 925.1498 1242.192 1228.319 1070.038 1070.038 1070.038 1070.038 1070.038 1070.038 1070.038 548.2988 437.8258 437.8258 437.8258 437.8258 437.825 -9999 -9999 -9999 -9999 -9999 3400.866 -9999 222733
-9999 -9999 -9999 -9999 -9999 -9999 -9999 -9999 -9999 -9999 -9999 -9999 -9999 -9999 -9999 -9999 -9999 -9999 -9999 -9999 -9999 458.2954 26161.73 38.9096 3.98461 29.31017 75.02452 75.02452 75.02452 77.39759 92.00971 152.0896 215.9814 215.9814 219.482 302.9423 394.2163 400.4943 400.4943 300.6421 242.1056 219.1948 240.3299 3264.212 337.9301 239.7159 615.6036 518.1754 849.5687 751.9967 712.2682 944.4111 1078.372 935.772 910.4697 1078.385 1078.385 555.3898 441.2414 441.2414 441.2414 441.2414 441.2406 -9999 -9999 -9999 -9999 -9999 1221.01 -9999 43734.45
-9999 -9999 -9999 -9999 -9999 -9999 -9999 -9999 -9999 -9999 -9999 -9999 -9999 -9999 -9999 -9999 -9999 -9999 -9999 -9999 -9999 82.90716 24.93938 70.96532 8.751465 9899.968 75.58241 75.63018 85.08599 99.1558 100.9074 218.6029 226.92 217.5875 217.5875 217.5875 245.3886 359.4268 403.4724 392.0411 383.7357 383.7357 527.4241 7470.383 3405.755 158.8312 158.8312 209.1326 578.9352 186.8213 186.0141 206.6309 360.6802 458.1656 325.6162 510.6609 875.645 561.4764 444.5226 444.5226 444.5226 444.5226 444.5218 3.745169 4.61694 5.25825 5.405864 3.771417 5.065576 1475.648 23.76018
-9999 -9999 -9999 -9999 -9999 -9999 -9999 -9999 -9999 -9999 -9999 -9999 -9999 -9999 -9999 -9999 -9999 -9999 -9999 -9999 1211.557 476.0236 299.8418 449.328 579.1331 482.0039 87.78497 94.88559 101.6215 101.6215 122.4239 272.3085 278.1107 219.1273 219.1273 219.1273 219.1273 262.5485 435.9095 701.498 332.3483 339.3935 1745.639 7781.651 4208.071 295.5869 360.6333 559.3043 570.0783 187.3304 187.3304 187.3304 187.3304 407.2556 418.5483 321.5897 321.5897 350.412 410.2823 448.8246 447.6684 447.6684 447.6689 761.9785 761.9849 761.9849 761.9849 761.9795 757.0668 732.8828 4934.161
