WebGL/media/main/earth_globe/female.asc
ncols         360
nrows         145
xllcorner     -180
yllcorner     -60
cellsize      0.99999999999994
NODATA_value  -9999
[rows 32 to 63 of 145, columns 213 to 283 of 360]
55783.84 42422.78 81996.87 147077.9 59593.35 95172.13 269487.9 89811.2 188730.7 44259.56 50656.72 48813.21 39033.17 39733.31 57752.05 45084.5 58023.79 37440.26 24755.88 54494.93 29882.62 20803.46 54388 29543.56 13020.11 48976.68 14299.61 18931.23 11673.45 19123.74 42973.17 12972.62 6235.702 9134.587 9053.521 12306.66 30592.97 17944.6 5889.357 5356.409 4650.305 12484.43 12220.59 51607.21 93079.9 28878.22 20165.43 20564.2 21885.77 30379.95 18317.96 50172.56 85792.83 11109.5 7981.796 9626.725 4265.499 15332.76 16403.17 4481.705 3524.705 4315.988 2248.556 361.2276 364.2967 546.434 559.4542 1128.546 4418.386 10433.99 145039.2
142108.9 67678.06 84085.95 218250.7 120348.4 108543.4 464338.8 58602.79 50798.07 77019.34 53729.36 31025.7 286187.2 207389.8 76936.69 38965.89 21244.55 44110.77 49601.96 29308.31 20416.07 30280.38 235876 21319.65 31494.14 150240 23879.39 13777.14 9051.862 3639.656 5041.483 3186.3 5536.017 5866.935 5502.285 11084.3 9914.173 61857.82 124136.6 20021.56 6866.637 19725.75 15082.4 12305.86 14296.87 5829.555 10915.58 13946.59 80444.02 18304.29 10083.95 13328.08 33649.88 14641.28 2750.669 2269.56 3471.478 9405.334 6008.953 7012.737 6948.267 45872.88 2228.958 1089.514 1011.328 927.6097 1018.537 1165.5 2353.025 5286.025 21701.69
93101.21 203739.6 96076.17 553775.9 92023.48 79860.99 87691.55 68974.87 41421.34 38951.93 48908.5 29653.79 78671.07 24702.76 18198 17635.29 9681.659 16972.05 12438.7 6762.067 8025.59 9169.276 8058.188 27266.9 142088.4 9610.924 9640.975 4134.236 2642.981 1885.993 1383.376 1629.202 2197.705 5782.21 6154.193 5238.615 2637.987 27193.66 92731.62 25956.43 48560.38 78944.84 6749.424 3463.813 4547.041 7869.867 21350.17 25724.35 35739.7 33685.15 31997.76 12032.86 4045.159 3635.938 2510.037 1935.717 2745.378 3634.338 4931.892 5259.346 3153.924 3361.038 2640.986 1571.848 550.2184 1304.137 1641.553 1829.288 956.9484 2882.141 4659.64
209644.6 197715.5 99577.48 444297.3 104485.2 81671.14 57501.75 47872.74 26394.58 18938.99 33536.72 25554.2 26490.59 11333.63 5504.79 5308.786 4335.207 3557.853 4464.925 4574.4 4728.188 4877.991 5938.9 9246.504 8802.155 7193.171 4566.824 1734.195 1538.159 1419.614 1178.476 1287.29 2134.466 4723.42 4844.104 1751.195 1602.824 1671.511 7281.867 54637.7 83391.22 37065.97 4269.542 6623.72 29265.23 23051.8 7949.421 7268.037 19752.13 72270.23 32323.96 14033.92 6578.546 5082.463 2490.168 2820.954 4961.875 2343.769 5403.647 1923.39 1209.856 1482.441 2340.503 1515.852 1446.657 1909.18 2599.286 15198.31 3723.688 2280.839 1420.532
181720.5 355704.4 380971 107236.1 597755.4 717461.3 422786.8 124196.2 43952.34 25529.05 34573.06 543193.7 26534.03 25218.5 4251.875 3166.801 3238.879 4593.825 6347.728 5303.411 3611.575 3664.164 2116.38 3206.599 6354.587 4664.833 2905.907 1592.173 1217.721 1019.638 1026.815 2882.53 3790.01 4070.335 4078.27 3931.431 2939.62 2279.303 2388.609 2095.12 2051.954 4296.659 5670.678 5732.452 10764.96 7745.539 3225.181 4753.037 5896.288 7030.913 4550.667 4413.222 6154.319 19233.82 5496.759 10563.93 9829.719 2949.141 5102.3 1355.363 766.6868 975.8458 1274.65 1126.637 1721.523 3479.18 3476.539 3394.072 3576.492 2931.503 5694.553
280435.1 183254.7 385414.7 73336.04 541039.6 256521.9 611105.3 256082 60365.4 90592.3 22669.85 9407.143 7427.124 14825.03 14738.5 11838.25 6907.246 5540.199 17849.75 44538.68 9361.602 6501.244 1316.809 1096.26 1584.709 2395.236 2216.087 2403.946 3878.555 2288.464 2617.307 3941.209 4149.59 4157.467 4124.278 4113.48 2837.471 2431.428 2312.535 2101.664 2662.207 4629.362 6510.52 6493.396 5270.402 5171.417 4922.128 7954.333 7776.701 7298.654 7686.053 7901.259 16059.16 25467.45 53916.57 29896.44 8862.668 4462.369 8802.795 1830.222 1046.828 829.7538 957.9343 6713.313 1077.59 1368.23 1825.885 2498.055 9906.04 5241.42 4260.739
118679.4 63795.36 96127.97 61881.68 13188.79 96234.2 110562.9 73460.01 67592.64 31976.23 15512.58 47396.42 4284.691 9033.306 89605.82 175208.9 6750.13 775.1995 14500.04 22399.98 5882.889 6520.955 4449.917 2103.56 1286.61 2223.286 2961.636 3233.453 4264.274 5209.945 7185.528 4406.23 3970.907 4146.904 4218.721 3879.237 2490.186 2479.859 2247.982 2128.791 3274.484 2751.073 2962.937 4763.82 5374.338 5963.138 7565.039 7343.838 6799.731 45947.01 92287.38 15554.5 11543.69 6691.979 12120.74 7913.224 12418.67 17792.43 2365.112 1432.016 1388.583 1117.364 2408.559 5071.941 1230.206 1212.064 1827.702 11566.84 4505.261 13720.91 3528.638
149463.8 145490.5 68945.02 84709.94 114535 288565.8 332087.3 195184 210549.8 114258.7 46800.82 20055.06 7920.05 9416.419 20481.73 9986.733 0.6703354 46.85818 1793.646 750.6152 3468.373 3010.564 3981.499 6347.976 11834.48 10911.33 4330.356 3710.264 5081.313 5624.996 8334.21 5697.645 28252.72 4281.53 4341.841 3626.184 3671.167 3770.716 2964.701 1965.353 1400.537 2163.167 2614.856 4901.429 7179.544 27890.97 10129.22 8713.677 21417.5 15315.64 18172.93 107751.3 31916.67 3449.463 97.21159 494.8045 943.0662 2699.171 2021.884 599.9506 675.5092 662.11 885.689 985.4409 1032.828 1266.998 1042.31 1275.875 2104.28 1483.411 1766.766
184800.8 231335.3 8471.932 -9999 154621.8 131262.1 184640.6 143906.9 232614.5 223516.2 233894.9 76493.62 32012.87 20438.23 5354.824 -9999 0.6974425 2114.039 3219.094 1963.781 1754.738 3554.549 2978.098 32506.28 32512.66 20808.12 6957.018 11410.21 6791.44 6593.234 6711.974 4260.945 55943.55 7139.863 7417.558 3692.801 3659.929 5513.936 4031.657 1990.317 2446.491 13577 16571.37 47105.63 29815.73 39668.71 43662.98 107261 79472.38 95206.96 16173.27 155466.4 166393.9 249397 232515.8 30847.32 42767.41 5159.816 1572.354 324.1564 559.2288 268.3667 251.8093 486.5041 238.0827 388.5168 649.5793 1058.632 1043.245 1274.784 808.4332
-9999 -9999 -9999 -9999 -9999 -9999 90656.05 107634.9 69067.09 115966.1 259603 299173.3 297609 286393.2 188920.8 -9999 -9999 15.62873 89839.38 4719.937 5669.167 6747.591 5738.74 33072.76 33072.76 32611.13 32789.52 32859.11 29136.43 17487.13 16806.09 16113.58 12904.08 8938.086 20563.31 89776.5 12249.01 30574.45 93232.88 27129.86 27213.75 57849.92 27457.61 609646.1 151038.5 62671.9 25257.82 49641.53 384999.4 125857.8 82668.2 7757.29 5323.857 20149.61 1154043 20984.84 73944.21 30424.04 7346.858 31592.86 29796.84 7921.509 1306.747 402.2565 255.9084 349.6385 377.0933 469.3933 467.421 529.8252 553.7701
206.0555 2738.52 2791.442 -9999 -9999 -9999 -9999 257.9665 106210.7 198232.2 85553.04 149018 76923.18 119941.9 312398.5 76887.55 -9999 -9999 178.3774 3639.312 7740.683 9022.189 7130.688 33614.65 31437.74 54340.94 45424.13 33663.84 32911.77 23602.89 22947.82 22949.34 22618.87 10878.91 13244.8 22432.22 343429.7 128109.6 99195.73 43392.29 41127.56 477406.8 77266.21 54220.19 21941.35 51435.16 21164.28 21125.94 19830.66 8280.482 3237.712 7059.315 12670.11 106264 12342.39 31760.78 103064.9 28280.78 -9999 5312.709 114689.4 5077.231 958.1245 108.9266 349.6262 1621.469 302.8334 920.1303 1103.276 1531.428 427.5766
77075.43 84148.69 127223.2 291545.5 52224.93 2187.884 31180.89 33940.07 151425 91721.33 83877.53 563014.6 218924.5 154393.2 116001.4 211600.4 8561.504 -9999 -9999 2698.805 212.6647 12574.13 11194.3 36517.32 51021.79 69335.24 69371.82 335074.1 132889.3 58239.16 23767.73 23299.73 23289.13 30485.42 49866.45 100243.9 1090736 408652.3 280158.7 168087.8 95258.02 17381.41 23899.44 16790.63 13825.61 14710.51 71094.52 194767.8 56836.86 244081.1 66074.18 32847.36 29418.01 212039.2 6620.073 701.3984 5385.118 -9999 -9999 -9999 36.90445 2310.436 1327.638 262.6049 60.22828 2.73383 819.1306 1556.317 1509.695 2741.077 270.2495
102334.7 134355.4 159982.5 198040.3 211658.3 147638.1 234278.7 126310.7 87367.55 61448.99 167128.1 748037.9 175342.1 345289.8 299033.4 168282.3 889605.1 103718.9 -9999 3146.736 12390.03 14217.36 17706.73 23477.1 66550.2 65115.98 70235.88 55707.07 50121.13 195597.9 119440.8 102613.8 55497.5 282350.7 156978.4 409069.7 532730.3 646520.4 1026117 972592.4 190765.1 27553.69 6014.109 10379.33 4359.488 14967.92 35189.18 133360.3 52921.03 7020.509 1414.058 324.5002 201.0061 1781.495 2299.77 783.1429 870.2661 -9999 -9999 -9999 659.0046 46955.93 32220.96 30563.34 23437.89 26476.8 12974.27 597.6387 36.43949 290.1629 482.4638
287230.8 104045.4 113135.3 111520.9 65152.05 17972.8 75613.63 55826.17 128449.5 92583.14 152199.7 179820.9 155173.8 164988.9 221702.7 316763.9 65104.07 -9999 -9999 114.447 8827.887 17961.79 17942.27 19963.76 35245.95 35247.89 36075.86 49778.88 53979.97 59080.7 101658.4 130072.4 379483.9 485102.5 322885.1 134031.4 112801.8 60224.21 41998.09 36097.54 20217.56 18841.82 277639.6 389009.3 117566.1 71043.15 20838.48 -9999 -9999 -9999 -9999 -9999 -9999 16.92846 1272.029 2919.643 776.7836 386.0441 0.4550341 597.8153 2041.284 20636.07 3708.253 2907.152 23801.33 246910.1 73480.95 77964.53 3256.491 3833.069 11525.63
104562.9 210402 368211.5 62326.52 82620.88 251563.6 212852.3 196431.7 138893.8 95643.11 178383.5 195898.3 223969.8 443771.3 148010.9 429618.4 987.7972 -9999 -9999 -9999 2198.364 18218.35 23811.58 48679.63 48520.52 35725.67 35683.97 48168.87 63689.36 56726.25 51947.56 85396.48 203944.3 279244.3 329632.8 642859.3 219170.2 69865.71 18005.04 7398.967 1283.75 2954.312 15675.64 91575.46 387168.9 369.2039 -9999 9323.645 5272.3 133.5543 168.8064 1.708627 17536.13 1485.17 1937.883 4159.229 337.5065 1067.266 4183.44 1057.419 96.2365 665.1946 876.855 21.42044 547.7905 1067.664 11691.64 267178.8 98949.78 235067.7 63316.61
115233.2 211933.9 280981.4 332519.6 451112.8 280528 262685.2 258797.4 318235.2 256866.5 134297.5 320413.6 252681.2 436116.3 113924 175151.2 545186.7 110014.4 -9999 -9999 2211.66 119083.8 196961.8 57284.27 146184.8 453753.4 44155.12 38788.57 62152.52 64781.55 57966.49 55549.41 50617.14 144674 264184.5 401087 336650.9 113886.1 32432.01 17179.5 1898.229 3441.418 9255.583 24551.27 127755.9 76496.24 318032 94281.09 15547.74 6807.846 1936.891 2220.345 1163.999 723.2833 26.66859 1.392139 9.234822 433.0449 3940.675 2057.093 121.2316 175.7861 1460.92 2165.528 23390.17 9141.922 10090.48 17202.23 104036.7 353754.3 144971
90784.34 314898.9 489377.8 604040.7 1246737 269322.7 144272.5 183681.5 173149.4 437231.3 327407.9 366177.7 253155.7 205086.3 92246.21 173061.8 253049.1 352431.7 319986.3 508000 305836.1 282120 53820.41 37476.21 94232.45 160140.3 666899.9 230248 57011.54 65555.99 64770.66 77206.4 103162.2 183258.2 171240.8 214010.7 196538.3 77722.2 45607.27 49914.2 31418.56 32001.28 15973.17 1451.472 920.9338 3534.315 28279.45 29901.18 80448.48 8846.202 1082.737 384.0636 13.43356 -9999 -9999 -9999 -9999 -9999 124.0516 228.0262 189.153 63737.96 5259.984 1323.61 14995.84 12125.4 9738.169 36854.65 890945.1 386488.3 1139923
195657.8 18708.86 253614 822863.5 125880.8 93726.04 128136.6 109180.9 41501.72 94649.82 276568.4 349544.6 367827 255221.2 149686.8 156773.7 143071.9 792412.8 4143702 113316.6 42552.45 21508.79 16360.07 23087.92 58563.38 160136.2 252719.3 247647.5 59548.79 71080.07 55161.02 104909.9 63605.94 67978.48 46584.48 90416.7 186937 31454.14 167010.4 539409.5 124224.9 66607.5 37906.93 21644 3953.685 384.8379 548.656 209.8404 1214.585 357.5533 -9999 -9999 -9999 -9999 -9999 -9999 -9999 -9999 -9999 34.90748 617.6983 3205.219 437.2138 2236.83 2987.81 2975.038 13152.2 50499.73 48098.98 232503.8 817848.6
108868.2 1125.686 355500.4 794355.2 45255.32 10066.12 22829.9 133122.4 50141.03 48085.16 134934.1 143541.1 134757.8 278380.1 316647.4 432220.5 253642.6 270912.2 251666.5 33524.91 26200.45 16832.27 13481.27 10027.86 17812.38 45006.01 49068.69 68474.3 48666.04 229186.2 62362.07 27385.13 41522.22 63611.18 72699.7 170893.8 996019.4 405370 1772850 1779735 1013197 893145.3 248219.2 36269.01 5847.109 3800.037 324.4005 414.0902 10.07877 -9999 -9999 -9999 -9999 -9999 -9999 -9999 -9999 -9999 -9999 478.9 533.4568 1664.866 6919.938 2447.745 1278.605 1292.084 5983.359 19053.34 19522.36 46499.78 162156.1
-9999 -9999 1547531 1356201 13219.21 2430.38 3636.571 5941.299 11233.42 71732.94 256491.6 2128607 71450.5 144792.8 183174.8 322192.8 195950.8 170386.2 161329.5 18009.54 7206.76 6605.135 6095.327 4446.264 12559.59 24327.55 37530.82 27915.08 26113.43 38704.87 29223.37 42233.29 52950.65 63246.78 103618.8 230382.4 258287.8 493222 1222331 1614766 1753447 911980.9 604226.1 35029.66 8426.42 7571.353 1951.385 691.4575 234.338 23.44906 424.2479 702.8178 452.4734 616.9842 282.5446 144.9944 22.18212 148.9185 298.929 221.9714 488.7065 1326.878 10567.88 20202.84 18158.26 6706.059 10081.35 12269.11 14736.43 23146.28 25024.44
-9999 838553 1529584 626840.4 10535.73 1270.891 1783.532 905.0995 892.1425 8346.505 186589 751587.3 252877 129666.1 107744.5 235291.9 129575.5 209888.4 530854 424771.9 40112.31 86871.09 11640.46 5879.563 4853.099 38400.21 28380.47 19865.78 23005.9 49970.77 15103.87 45802.75 71045.14 48053.53 68239.46 39125.55 176594.3 631390.6 684582.6 1102607 1771439 3169636 1230830 393439 51247.21 6356.254 4218.141 3346.104 1373.077 950.5896 1811.286 1389.641 975.4119 663.0149 1836.011 1436.01 744.7025 1964.138 6856.257 7013.571 10182.5 3994.25 13541.32 26537.56 14319.45 18226.66 16183.46 23611.93 23691.24 19212.67 34727.77
48951.05 937393.8 1220588 162373.6 24336.83 9300.462 10148.54 13981.59 3933.164 902.3431 50909.87 238964.8 386995.5 333215 206787.6 469236.6 240840.9 180157.5 120547.1 247527.7 46243.88 151651.8 32823.77 17383.39 18869.33 42678.89 10961.29 23089.21 50310.89 8742.61 32787.54 84887.16 181532.8 44138.79 53127.77 22840.85 74116.04 395307 504945.9 1588816 2991347 4194733 2344632 1289003 440429.1 47290.99 8803.826 1586.257 1041.182 1083.208 1669.116 1559.377 2646.41 1918.067 2209.491 2492.135 3978.733 5511.322 17019.78 23619.16 18798.64 17475.29 20807.94 26586.4 35828.88 31576.07 26814.64 34398.1 20113.69 50511.63 301907.1
12064.67 18430.17 70656.05 1270.407 10632.6 20000.43 12811.23 15674.47 16788.89 16469.69 63766.95 15787.47 30407.77 137953.3 537513.1 280866.3 162003.8 149727.7 127732.5 117512.9 45755.51 20648.24 77321.02 92072.18 49065.39 59595.87 48862.64 69876.86 62463.05 8850.49 7407.628 13837.84 13043.38 296679.5 174152.1 79994.16 86798.77 522684.8 1807558 1956979 1854227 1412919 1842372 2541159 1383839 797113.1 196459.8 38592.8 4527.362 1104.012 2585.428 935.5142 1592.644 2340.031 3171.658 3161.75 3723.671 8828.343 20328.83 9463.943 6661.174 8437.192 12885.35 13100.89 18825.53 21946.03 12283.96 26440 40938.22 134200.8 2711317
4837.63 6253.043 40173.43 18352.03 27831.36 10298.42 5573.324 10481.87 16000.24 10525.81 10076.91 2540.152 1041.185 35004.11 327743.3 293258.8 0.263048 91655.52 205664.4 631438.9 132892 40242.85 67116.8 55532.36 76946.91 85895.98 66905.53 70235.29 17218.76 3137.165 8015.361 9161.964 28780.9 114317.2 90934.04 52236.72 73244.99 891290.2 1494330 888842.7 752613.6 713029.1 1169734 1815165 3058133 1854463 851124.6 417247.8 222392.8 37492.94 4251.506 3412.462 3633.822 6829.187 21501.1 53024.11 53037.96 44326.89 194692.4 17804.93 9471.512 24667.34 7646.281 5278.772 12730.54 18123.64 18125.31 19181.59 20050.9 305368.3 1294690
8599.509 19321.01 26537.41 32782.84 22827.77 14961.69 12732.66 21464.18 22698.65 8823.979 6442.838 13664.04 19504.7 23321.29 74527.17 50837.76 -9999 17043.61 77091.38 72462.71 113793.2 86720.75 59312.24 41457.06 98206.8 74644.66 45887.54 46319.32 38426.56 12040.29 8325.411 20929.77 26853.58 66249.16 155060.9 605175 566619.3 971256.1 91474.62 125865.5 268062.6 390463.7 898590.8 2410375 8672220 2783184 2578386 1022028 794841.6 415273.8 458272.5 275089.7 31246.92 9585.866 19447.49 13156.11 27020.94 13925.51 15831.72 17704.94 12708.42 41644.41 36669.07 11873.77 4748.49 14185.41 28891.64 18821.87 43374.33 345576.5 357224
37906 8808.128 6750.023 22291.97 16697.39 3399.365 6387.22 24799.28 24944.86 9910.66 21396.04 29628.61 22551.79 18831.85 9868.65 13699.69 21877.38 0.7451732 7030.043 88453.24 74350.63 58239.59 97502.16 163318.9 107856 40843.8 27420.19 42453.67 39212.73 47333.35 16929.63 15488.2 18857.35 47358.06 533339.8 1431984 329650.8 84641.58 81302.39 174064.7 437077.2 658228.4 1285039 1362818 2192979 2915143 2166216 2165048 1976655 1693350 1920729 1095661 1480444 324586.1 250432 483391.2 69901.38 23391.02 54363.33 41377.54 176441.5 640678.6 862139.6 48817.43 16242.79 32454.5 114661.7 107405.6 147210.8 514915.3 686926.8
18022.27 3078.842 35.56894 8803.647 8529.162 7351.828 9181.756 18944.94 15833.46 30165.69 70086.81 52521.58 16758.92 9292.851 3570.931 10133.57 468448.4 494499.5 1378.217 -9999 9792.249 25298.6 39321.15 18144.95 69720.73 21918.08 38484.65 45992.02 57209.34 61090.22 58413.05 41723.76 20615.07 41517.96 420558.9 843170.8 91688.1 45700.07 96396.51 442866.9 653578.3 850764.9 1564286 974832.2 1064084 1440488 1645746 3737600 2686945 2997683 3761640 3718098 3873598 2377205 1964142 2380556 1892115 1246673 1806257 1635335 682296.2 860926.4 95642.95 18513.19 18938.25 48904.99 197391.3 398347.8 476967.8 373570.4 518896.2
12877.71 4313.676 -9999 1832.405 17235.8 40007.31 18382.14 20585.13 28527.34 56239.52 89112.91 51452.12 131370.4 77280.79 29905.17 9434.62 14478.52 18892.11 291212.9 30.01907 -9999 481.11 372761.3 97495.52 3860.226 8711.146 19761.66 42895.12 82631.73 42353.32 40227.1 23238.1 19403.08 102849.5 660096.8 1481733 542309.3 201243.4 312008.9 425976.2 587964.1 805778.8 752943.8 616114.6 471111.1 1000221 893744.9 1152890 2599448 3843203 3184658 3459982 4629449 3309696 2901454 2893897 3415720 850692.6 803300 499711.2 427277 288399.6 46152.7 122616.7 124082.3 249710.8 398195.3 774295.3 501226.5 1407850 823909.7
92785.06 721.5192 362.8381 -9999 21215.61 63481.44 144711.8 69585.48 8688.155 18921.5 26288.46 28967.79 364769.4 535979.2 434944.6 13258.21 9481.22 8701.415 15704.07 6256.093 8773.805 36457.18 325318.5 111860.7 446.6565 -9999 -9999 -9999 -9999 -9999 -9999 -9999 -9999 445014.1 2975175 453226.8 253187.8 133635.6 498024.3 862614.9 829369.3 848158.4 734978.9 682081.4 567424.6 701300.4 544485.1 728170.8 992352.9 796193.5 1001920 1751645 1886263 1672307 1998623 3800627 3966275 4171482 2499364 1523255 703843.3 186350.6 115265.1 150425.7 232455.3 424282.3 481643.8 381683.3 260377.9 1186197 697056.6
2868.813 608.2762 1510.912 -9999 -9999 13254.3 105275.2 13263.66 46253.72 22077.8 10924.43 11094.63 9472.447 21464.41 41912.02 21272.12 9555.185 9555.185 18310.48 66424.51 67028.37 67028.37 31751.99 45876.04 142642.4 237197.9 767.9769 -9999 -9999 -9999 -9999 -9999 -9999 -9999 11589.15 59516.52 128974.7 263903 373777.1 2518901 1177440 1108993 1037354 812910.9 1226287 668185.9 840648.7 867800.2 528527.8 482917.4 483169.7 731534.9 1687072 3020410 2510305 4258630 3407265 8354960 2670584 288176.4 93523.98 164886.5 245824.4 130220 175773 189279.6 308241.8 240162.3 249570.7 493315.9 615246.8
15.20888 125.6908 2251.331 961.8335 -9999 4580.061 241485.6 51420.46 83798.38 38458.06 9245.476 8638.419 6953.391 4648.222 4531.598 8896.03 9626.239 9626.239 9626.239 14394.93 24078.9 33775.02 15475.54 14005.12 41504.18 30056.57 39199.3 -9999 -9999 -9999 -9999 -9999 -9999 -9999 -9999 8855.214 385677.7 988410.8 783760.8 2216382 2146068 1009712 1263436 911773.9 547278.7 678285.3 722165.4 453643.7 555414.4 889451.7 551888.1 797499.9 748664.9 1574586 3326316 9533062 2185920 2595387 2872114 591289.6 54164.09 256633.6 701309.6 445239.8 150584.3 123435.3 228326.6 270885.6 118167.2 135863.6 282131
6219.222 4886.984 4881.92 4633.087 268.0068 15362.65 968859.7 206551.9 37446.37 8522.631 7587.85 7718.09 4064.15 3796.698 4083.028 9573.324 9694.361 9694.361 9694.361 9694.361 9694.361 9694.361 8193.712 4887.96 2746.058 14988.64 12729.34 -9999 -9999 -9999 -9999 -9999 -9999 -9999 -9999 -9999 257085.3 919601.8 860797.3 1972030 1106642 940525.8 1034369 741917.5 719856.1 1052828 1352033 891107.8 1725223 1071481 1018868 537876.3 629330.3 1245343 1112032 549053.1 105779.5 136926.4 231500.8 535918.4 37641.02 374668.7 780783.9 945515.4 112519.8 62838.73 95263.53 185455.9 127155.2 49368.02 278374.8
