WebGL/media/main/earth_globe/female.asc
ncols         360
nrows         145
xllcorner     -180
yllcorner     -60
cellsize      0.99999999999994
NODATA_value  -9999
[rows 0 to 31 of 145, columns 284 to 354 of 360]
-9999 -9999 -9999 -9999 -9999 -9999 -9999 -9999 -9999 -9999 -9999 -9999 -9999 -9999 -9999 -9999 -9999 -9999 -9999 -9999 -9999 -9999 -9999 -9999 -9999 -9999 -9999 -9999 -9999 -9999 -9999 -9999 -9999 -9999 -9999 -9999 -9999 -9999 -9999 -9999 -9999 -9999 -9999 -9999 -9999 -9999 -9999 -9999 -9999 -9999 -9999 -9999 -9999 -9999 -9999 -9999 -9999 -9999 -9999 -9999 -9999 -9999 -9999 -9999 -9999 -9999 -9999 -9999 -9999 -9999 -9999
-9999 -9999 -9999 -9999 -9999 -9999 -9999 -9999 -9999 -9999 -9999 -9999 -9999 -9999 -9999 -9999 -9999 -9999 -9999 -9999 -9999 -9999 -9999 -9999 -9999 -9999 -9999 -9999 -9999 -9999 -9999 -9999 -9999 -9999 -9999 -9999 -9999 -9999 -9999 -9999 -9999 -9999 -9999 -9999 -9999 -9999 -9999 -9999 -9999 -9999 -9999 -9999 -9999 -9999 -9999 -9999 -9999 -9999 -9999 -9999 -9999 -9999 -9999 -9999 -9999 -9999 -9999 -9999 -9999 -9999 -9999
-9999 -9999 -9999 -9999 -9999 -9999 -9999 -9999 -9999 -9999 -9999 -9999 -9999 -9999 -9999 -9999 -9999 -9999 -9999 -9999 -9999 -9999 -9999 -9999 -9999 -9999 -9999 -9999 -9999 -9999 -9999 -9999 -9999 -9999 -9999 -9999 -9999 -9999 -9999 -9999 -9999 -9999 -9999 -9999 -9999 -9999 -9999 -9999 -9999 -9999 -9999 -9999 -9999 -9999 -9999 -9999 -9999 -9999 -9999 -9999 -9999 -9999 -9999 -9999 -9999 -9999 -9999 -9999 -9999 -9999 -9999
-9999 -9999 -9999 -9999 -9999 -9999 -9999 -9999 -9999 -9999 -9999 -9999 -9999 -9999 -9999 -9999 -9999 -9999 -9999 -9999 -9999 -9999 -9999 -9999 -9999 -9999 -9999 -9999 -9999 -9999 -9999 -9999 -9999 -9999 -9999 -9999 -9999 -9999 -9999 -9999 -9999 -9999 -9999 -9999 -9999 -9999 -9999 -9999 -9999 -9999 -9999 -9999 -9999 -9999 -9999 -9999 -9999 -9999 -9999 -9999 -9999 -9999 -9999 -9999 -9999 -9999 -9999 -9999 -9999 -9999 -9999
-9999 -9999 -9999 -9999 -9999 -9999 -9999 -9999 -9999 -9999 -9999 -9999 -9999 -9999 -9999 -9999 -9999 -9999 -9999 -9999 -9999 -9999 -9999 -9999 -9999 -9999 -9999 -9999 -9999 -9999 -9999 -9999 -9999 -9999 -9999 -9999 -9999 -9999 -9999 -9999 -9999 -9999 -9999 -9999 -9999 -9999 -9999 -9999 -9999 -9999 -9999 -9999 -9999 -9999 -9999 -9999 -9999 -9999 -9999 -9999 -9999 -9999 -9999 -9999 -9999 -9999 -9999 -9999 -9999 -9999 -9999
0.3653743 -9999 -9999 -9999 -9999 -9999 -9999 -9999 -9999 -9999 -9999 -9999 -9999 -9999 -9999 -9999 -9999 -9999 -9999 -9999 -9999 -9999 -9999 -9999 -9999 -9999 -9999 -9999 -9999 -9999 -9999 -9999 -9999 -9999 -9999 -9999 -9999 -9999 -9999 -9999 -9999 -9999 -9999 -9999 -9999 -9999 -9999 -9999 -9999 -9999 -9999 -9999 -9999 -9999 -9999 -9999 -9999 -9999 -9999 -9999 -9999 -9999 -9999 -9999 -9999 -9999 -9999 -9999 -9999 -9999 -9999
17.17241 3.358652 3.15538 2.942621 -9999 -9999 -9999 -9999 -9999 -9999 -9999 -9999 -9999 -9999 -9999 -9999 -9999 -9999 -9999 -9999 -9999 -9999 -9999 -9999 -9999 -9999 -9999 -9999 -9999 -9999 -9999 -9999 -9999 -9999 -9999 -9999 -9999 -9999 -9999 -9999 -9999 -9999 -9999 -9999 -9999 -9999 -9999 -9999 -9999 -9999 -9999 -9999 -9999 -9999 -9999 -9999 -9999 -9999 -9999 -9999 -9999 -9999 -9999 -9999 -9999 -9999 -9999 -9999 -9999 -9999 -9999
28.78436 16.26826 3.055974 1.713771 0.03644401 -9999 -9999 -9999 -9999 -9999 -9999 -9999 -9999 -9999 -9999 -9999 -9999 -9999 -9999 -9999 -9999 -9999 -9999 -9999 -9999 -9999 -9999 -9999 -9999 -9999 -9999 -9999 -9999 -9999 -9999 -9999 -9999 -9999 -9999 -9999 -9999 -9999 -9999 -9999 -9999 -9999 -9999 -9999 -9999 -9999 -9999 -9999 0.03102363 -9999 -9999 -9999 -9999 -9999 -9999 -9999 -9999 -9999 -9999 -9999 -9999 -9999 -9999 -9999 -9999 -9999 -9999
47.33809 48.57285 45.17414 28.92822 34.80126 34.89014 34.5794 31.57147 20.66951 5.993091 -9999 -9999 -9999 -9999 -9999 -9999 -9999 -9999 -9999 -9999 -9999 -9999 -9999 -9999 -9999 -9999 -9999 -9999 -9999 -9999 -9999 -9999 -9999 0.02176361 7.909039 3.147116 0.04527881 4.919564 0.2142496 -9999 -9999 -9999 -9999 -9999 0.8473668 0.789569 -9999 -9999 0.7204386 -9999 -9999 -9999 0.5697359 -9999 0.07746018 -9999 -9999 -9999 -9999 -9999 -9999 -9999 -9999 -9999 -9999 -9999 -9999 -9999 -9999 -9999 -9999
49.54472 52.107 51.93413 52.27812 52.99614 52.77187 52.66819 52.57238 46.4791 27.32386 -9999 -9999 -9999 -9999 -9999 -9999 -9999 -9999 -9999 -9999 -9999 -9999 -9999 -9999 -9999 -9999 -9999 -9999 -9999 -9999 -9999 10.09553 1.489068 46.22076 67.03757 65.49097 49.15369 64.16747 36.25204 50.05958 37.81352 2.03279 9.078061 13.84176 10.81797 8.771792 4.648755 -9999 0.007144974 -9999 -9999 -9999 -9999 -9999 -9999 -9999 -9999 -9999 -9999 -9999 -9999 -9999 -9999 -9999 -9999 -9999 -9999 -9999 -9999 -9999 -9999
40.34798 49.428 51.67952 44.25188 53.14476 47.04808 29.48458 24.28473 38.03999 8.346104 -9999 0.07509524 0.1579348 -9999 -9999 -9999 0.0208839 -9999 -9999 -9999 -9999 -9999 -9999 -9999 -9999 -9999 -9999 -9999 -9999 -9999 -9999 3.799965 0.9366926 1.181898 18.33069 15.0373 25.00443 5.764859 9.129909 4.68153 -9999 -9999 -9999 1.60688 9.032039 9.198021 4.326104 -9999 -9999 -9999 -9999 -9999 -9999 -9999 -9999 -9999 -9999 -9999 -9999 -9999 -9999 -9999 -9999 -9999 -9999 -9999 -9999 -9999 -9999 -9999 -9999
56.65778 56.38684 42.32332 30.68659 26.19014 26.02578 55.20552 67.85857 62.06208 44.88822 46.64568 58.07558 56.76471 47.53322 27.4717 6.124739 2.412753 -9999 2.191396 20.00204 42.03402 28.34282 23.3575 26.71869 14.21492 1.884943 -9999 -9999 -9999 -9999 -9999 0.03503741 1.842713 -9999 -9999 1.102693 11.17145 40.95343 44.59182 17.18479 -9999 -9999 -9999 -9999 -9999 -9999 -9999 -9999 -9999 -9999 -9999 -9999 -9999 -9999 -9999 -9999 -9999 -9999 -9999 -9999 -9999 -9999 -9999 -9999 -9999 -9999 -9999 -9999 -9999 -9999 -9999
53.88471 54.0573 57.1917 59.41439 61.398 56.85115 62.46885 79.88656 77.18195 81.83369 88.82976 87.3186 77.97657 70.70303 70.85623 63.81932 56.73868 68.63041 66.66827 65.90029 68.59722 62.90172 54.16014 55.33431 45.50856 17.33607 -9999 -9999 -9999 -9999 -9999 -9999 -9999 -9999 -9999 16.8839 36.35708 55.93179 50.93063 48.18689 32.89719 13.7593 9.721899 13.74746 11.78019 2.758253 -9999 -9999 -9999 -9999 -9999 -9999 -9999 -9999 -9999 -9999 -9999 -9999 -9999 -9999 -9999 -9999 -9999 -9999 -9999 -9999 -9999 -9999 -9999 -9999 -9999
67.41502 67.41554 67.21319 67.26127 67.20941 67.00036 66.65927 64.46673 27.48032 52.5326 89.8193 45.43756 20.46285 18.55648 18.32763 18.66463 18.76113 37.30059 74.06326 76.55997 77.71815 77.47762 77.48605 70.56429 70.5975 28.37872 1.031061 2.129114 52.69131 38.14351 29.16809 35.69192 33.31738 24.87322 32.5195 39.29734 73.11255 74.51708 63.37194 40.23457 39.59787 32.75185 38.18802 38.98417 38.95195 27.20297 17.76707 9.724978 0.1686683 -9999 0.09153124 4.555926 7.160233 4.925478 0.1068728 -9999 -9999 -9999 -9999 -9999 -9999 -9999 -9999 -9999 -9999 -9999 -9999 -9999 -9999 -9999 -9999
70.86057 70.83031 70.91451 70.88981 70.9261 60.40329 35.44522 24.54076 20.05845 32.48348 29.80918 20.20466 20.07663 20.05112 19.91107 19.7687 41.74031 59.90651 80.22945 81.7254 81.27526 76.14421 76.81569 78.59013 81.93953 80.10398 73.97353 65.7004 80.84983 83.33295 87.92596 82.35735 77.01629 73.59428 76.0542 81.60916 82.53696 58.47502 43.55508 43.12479 42.2212 41.58515 36.98359 38.38476 44.05177 45.72613 41.05402 39.18847 60.40503 73.30363 82.75778 94.56479 94.32069 91.64104 70.53621 52.91187 3.549656 1.170932 0.3327274 -9999 -9999 -9999 -9999 -9999 0.3758307 -9999 6.170344 5.993107 -9999 -9999 -9999
58.11358 58.54505 48.50789 40.53923 30.34408 25.86868 21.11264 21.12468 21.13312 21.15598 21.00171 21.08558 20.99932 21.0052 20.68979 27.97886 70.4213 74.53752 83.81076 84.03376 71.95783 78.66141 85.42165 84.89707 84.54041 85.48579 85.34289 84.51286 97.53786 135.5367 141.8187 138.1668 127.4827 96.61208 92.23225 93.72153 92.83958 91.38676 85.69846 85.83935 75.53634 70.31408 56.82421 59.33163 74.67966 83.7958 86.72843 85.06841 88.17362 92.6382 90.38692 84.72302 85.40195 85.70081 76.65714 65.23006 44.4779 43.26098 57.20631 51.79866 47.01456 42.76121 36.8177 82.52779 93.02107 22.62765 45.41862 153.9423 147.2812 107.6415 63.98994
36.22701 36.76165 35.59365 21.64387 21.98481 22.05947 22.00757 21.95029 21.80513 21.93462 21.74839 21.73808 22.07949 21.62675 23.055 29.64695 50.52798 53.98423 53.66763 49.85771 53.49048 57.83516 69.07335 91.05922 92.17878 92.62953 93.28112 93.47572 102.5116 150.9632 153.4341 157.9613 158.4633 158.2749 117.2308 97.26077 98.19725 109.8738 107.1584 100.7201 99.74334 97.62653 101.204 109.6795 111.1963 104.8278 96.36115 83.67493 94.40499 96.35805 83.73392 81.92709 88.90865 96.51462 91.98711 80.68269 75.83804 83.13665 92.67929 78.05192 78.48476 78.74516 78.77161 128.7552 163.2208 143.4948 130.9949 152.5512 162.4397 146.4606 71.09521
38.97279 38.97769 33.67901 23.02157 23.04821 22.98079 22.92332 22.96162 23.00416 23.02299 23.06166 23.07359 22.78779 29.53534 50.44824 56.59998 56.53578 56.76459 54.96844 46.69321 52.98684 55.2171 60.119 86.83001 97.03687 97.382 103.0151 132.9373 155.1189 164.7063 163.6441 161.1004 162.9426 164.2553 148.7327 88.6792 80.25403 93.33501 99.17041 110.0349 108.7481 100.96 98.88664 105.0384 122.0706 126.4605 121.6786 107.6409 108.554 109.9096 108.7339 109.1508 118.2827 121.6653 87.51044 81.47293 81.80362 79.60805 80.10502 82.28899 82.17606 81.92768 82.05105 85.73051 107.5504 120.3527 144.0164 121.6733 78.23751 64.17213 62.37237
40.16647 39.99375 324.3112 419.0651 589.8494 301.4632 411.6634 538.3571 529.8095 117.9423 23.995 24.07114 24.04616 23.84325 383.1265 737.9111 263.2121 55.40054 56.76867 48.98649 55.21564 58.76358 60.47893 166.3485 178.7805 175.6333 180.0038 171.8202 171.6545 173.058 172.8567 172.8962 174.5491 172.3156 172.0423 160.049 91.39929 79.51137 79.27002 79.11538 89.08454 79.88053 78.8105 97.25815 118.8351 123.5099 115.8381 119.3212 124.9368 129.9694 123.48 121.7379 125.4272 128.2437 107.1871 83.33594 85.43346 85.74733 85.51746 84.9218 85.33433 85.25135 81.32249 79.68548 75.67035 67.90786 65.34393 63.34581 63.57513 61.34436 61.47097
41.33337 42.57928 478.1754 891.5176 888.1735 888.5707 886.3716 886.6584 642.0844 61.36489 24.98591 87.91071 116.8548 514.8767 958.1476 931.815 750.3976 246.516 61.91471 58.64248 46.8823 124.953 160.7608 236.6806 252.2143 252.6109 249.2077 222.5652 181.0431 184.3379 190.0907 195.05 200.3726 198.2517 197.2136 197.8434 164.0763 142.3098 123.8918 95.76473 83.7304 82.29803 81.48457 90.91505 118.8198 137.9074 128.49 124.7816 133.2823 100.6066 76.33829 71.66512 72.53571 74.50406 68.01518 67.56731 78.88665 86.02923 88.95539 88.61408 88.45043 80.30122 65.75789 65.76405 65.69906 65.93315 65.66991 61.67588 63.92349 62.30508 65.46091
43.97779 107.3561 509.0918 667.9796 782.6967 920.4342 928.049 924.1787 924.6063 817.6987 666.4158 945.9894 951.2174 964.4031 960.8854 1005.308 911.1801 898.6898 804.6214 703.558 647.452 235.8382 232.7002 257.04 262.5362 262.5426 261.7088 261.8882 232.2477 206.9279 207.8636 207.6128 207.6068 207.7884 206.7181 207.3209 215.0504 218.2212 216.8944 217.8121 191.4533 145.3109 132.6074 110.4544 227.1207 263.2312 218.1878 183.3193 97.53071 74.12611 73.10847 82.0415 114.247 179.5591 88.8645 55.34901 55.27931 56.4001 64.62888 51.50415 48.99077 49.41756 52.46313 55.94769 61.93333 68.09566 65.02744 65.00729 68.74201 66.61715 57.80171
45.39089 45.24777 50.07832 55.87825 248.2944 751.864 906.9566 885.2616 941.2156 945.7364 899.4373 936.5418 974.8807 977.5617 952.559 1009.05 1027.582 999.05 952.8307 794.7864 437.9163 335.0732 294.2766 331.814 1329.04 2025.624 1690.604 1760.933 1455.036 790.3331 232.4693 214.9261 214.0596 214.7706 215.4118 216.9974 222.1103 225.1769 225.9243 226.2197 226.7456 320.7614 420.4093 414.2061 516.626 567.4368 566.9066 203.343 76.76739 76.2918 77.16107 180.4854 199.5043 185.8674 90.88155 57.33335 57.25062 57.44563 53.86163 42.03344 42.00729 41.93098 41.82819 39.80022 43.79591 63.56941 70.49124 70.53503 70.76968 70.57442 70.81528
47.43082 47.30768 53.54351 58.93203 57.80717 373.3129 970.9175 825.2863 960.4658 990.8505 954.1367 925.0706 923.4379 902.0927 947.5436 978.0977 1080.469 1114.308 858.9171 674.7911 686.5517 599.5304 543.7422 558.9577 30484.38 56237.13 4023.605 3119.268 2719.98 1946.852 1184.346 486.5963 221.2382 218.2623 209.9688 208.5326 182.5834 201.2262 229.4348 226.0006 234.2547 383.9944 413.0261 400.4492 463.1597 714.2084 734.8287 653.8858 156.6666 103.4783 140.5644 205.3365 202.7264 116.5483 59.19063 59.38296 58.48272 58.44958 51.82172 23.38829 30.73409 41.75263 41.55337 42.27019 43.48339 52.75754 94.28042 100.3856 105.3418 109.9592 79.00175
49.80154 55.86844 60.93025 60.70394 60.60074 240.3481 922.8502 1029.542 1037.437 1089.619 1108.741 1091.65 1072.245 981.7824 783.4248 483.8855 491.4366 572.6923 568.887 427.3535 813.12 1548.617 1787.78 2373.508 7430.845 26577.34 5334.044 3055.23 2467.263 2392.963 1637.361 571.7621 208.2863 204.926 185.7463 153.6299 115.7347 116.515 122.3224 120.2436 132.5931 119.6659 223.8548 355.6779 355.5972 362.8558 588.9472 942.0613 946.5798 417.0621 215.9516 231.9343 158.5286 24.42778 11.383 12.88786 51.70865 50.56556 21.37144 7.887829 41.99749 52.28359 77.41969 97.91033 125.9244 145.9039 155.638 155.4062 128.0671 63.07075 18.01269
53.91873 61.33178 62.98207 62.50723 62.9581 180.0487 1051.993 1172.031 1174.4 1169.874 1107.608 871.6764 926.8589 577.7322 380.3479 373.6219 369.48 372.6745 375.1534 374.9808 519.5038 1243.33 628.7208 544.8939 853.0302 1690.636 2150.804 1321.223 780.8411 243.8164 199.1634 201.3541 205.8069 205.0096 145.1324 120.1636 118.1237 119.9837 119.1195 120.2096 120.3448 154.2481 273.4622 337.0142 341.9481 347.9771 524.5482 750.5664 481.0789 333.7523 293.7487 137.693 0.7552429 -9999 -9999 0.5899128 12.15129 17.73009 136.9513 180.2883 143.3669 130.7595 130.0941 90.68677 67.9406 88.61125 123.7761 46.71238 3.41767 -9999 -9999
52.63439 62.66973 64.82653 64.85091 64.71358 666.9669 1098.746 971.1649 962.8556 844.0778 646.6516 602.3611 601.5239 514.7363 472.7504 385.4175 389.621 387.0756 407.5126 513.5334 600.5859 632.5712 636.6674 636.0502 635.9385 775.1622 796.1953 552.0674 216.3292 165.0953 176.657 145.1759 140.2845 137.4212 125.8613 124.6208 124.636 124.5675 100.0092 77.86179 75.62341 76.74328 86.05537 211.1193 220.9102 105.34 35391.4 5348.961 331.964 291.3676 157.9769 14.57188 -9999 -9999 -9999 1048.634 206.0902 165.8314 237.5976 75.55976 32.02158 3.883868 9.210456 -9999 -9999 -9999 2.438228 -9999 -9999 -9999 -9999
705.3768 151.845 616.6904 656.5135 653.3705 1108.347 967.759 609.1189 321.4347 384.0061 620.1528 618.3134 616.6003 567.4708 530.4734 408.6032 403.5879 401.2218 440.9156 971.0078 968.8998 654.9981 654.5511 651.3116 650.3502 652.2351 646.6252 602.9192 210.1741 33.99992 33.64218 34.0074 34.04688 34.01235 76.48372 114.9621 112.2893 47.193 0.04428874 -9999 -9999 -9999 -9999 -9999 -9999 -9999 0.109506 34.89993 15.47494 -9999 -9999 -9999 -9999 0.2064055 27.52923 115.2971 162.6231 232.593 79.23508 22.82545 29.13096 -9999 -9999 -9999 -9999 -9999 -9999 -9999 -9999 -9999 -9999
4471.817 3158.668 3882.265 1675.37 1272.696 1187.163 995.1102 329.8586 321.5051 528.7179 633.2298 767.4601 656.558 487.3698 389.9904 553.9169 861.3174 826.8641 898.345 2060.38 1723.136 1559.56 1247.672 740.0129 693.623 724.2942 676.4971 515.5326 37.79933 35.05441 35.05377 34.77788 34.9671 35.06593 34.5772 23.11686 4.754804 -9999 -9999 -9999 -9999 -9999 -9999 -9999 -9999 -9999 -9999 -9999 -9999 -9999 -9999 -9999 18.09307 142.2165 162.7954 168.2931 433.8413 440.9539 332.9369 18.91694 -9999 -9999 -9999 -9999 -9999 -9999 -9999 -9999 -9999 -9999 -9999
6304.322 4015.608 3883.929 1444.987 1349.506 916.7108 726.6025 676.0533 739.1374 1075.999 1345.083 1212.791 451.5854 420.6584 403.1199 443.3375 501.2646 680.7802 1097.793 1431.86 2034.424 2130.934 2136.781 2126.187 2099.321 2131.192 1971.667 848.1224 35.97152 35.93502 35.98899 35.97458 36.03763 32.10698 7.345942 -9999 -9999 -9999 -9999 0.1146866 -9999 -9999 -9999 -9999 -9999 -9999 -9999 -9999 -9999 -9999 -9999 18.58426 154.096 190.4532 235.3239 488.1978 737.8097 737.5848 547.8481 134.97 -9999 -9999 -9999 -9999 -9999 -9999 -9999 -9999 -9999 -9999 -9999
1997.831 1870.47 1596.55 1500.858 1320.88 9532.032 921.5371 1696.324 660.9919 835.6018 711.5895 628.5574 539.5696 532.0704 348.0764 185.2244 112.3818 220.2932 503.1333 504.9009 14221.03 793.6161 1134.667 1061.263 1195.011 980.6467 912.0954 364.0983 239.9523 54.78074 54.39528 47.344 18.80723 7.030399 0.8726107 -9999 -9999 -9999 -9999 -9999 -9999 -9999 -9999 -9999 -9999 -9999 -9999 -9999 -9999 -9999 -9999 119.299 259.025 254.8532 591.8349 1025.973 1246.416 895.7161 1.510479 -9999 -9999 20.06576 103.1509 -9999 -9999 -9999 -9999 -9999 -9999 -9999 -9999
1339.438 1275.529 1464.559 1511.354 972.224 470.9099 2725.198 1952.383 398.7312 404.7035 404.361 482.378 549.8101 585.3146 219.8404 198.6999 711.3055 1371.266 1447.401 1976.764 633.4125 597.2778 527.3851 430.4863 468.3844 529.1808 471.0305 204.3705 65.63262 64.2142 63.89006 46.57056 32.69739 18.19158 4.970942 599.6254 95.15691 -9999 805.4176 -9999 -9999 -9999 -9999 -9999 -9999 -9999 -9999 -9999 -9999 -9999 -9999 89.08614 337.6466 731.153 1695.805 3296.172 2377.985 1917.005 105.9566 -9999 -9999 -9999 87.519 40.09797 1.669401 -9999 -9999 -9999 -9999 -9999 -9999
11695.56 8090.883 2387.734 1315.544 1490.723 4814.502 4392.739 1094.016 1155.482 1209.266 798.8666 670.7279 1289.945 3849.262 3387.342 2969.776 2572.737 2455.294 12349.69 3865.041 3805.364 3822.391 1916.057 9916.436 556.0613 800.4841 587.9414 372.1126 214.6756 350.9129 351.2112 66.14101 96.52992 94.54475 912.8512 3609.269 3805.05 1087.584 3286.746 350.1447 -9999 -9999 -9999 -9999 -9999 -9999 -9999 -9999 -9999 -9999 -9999 6.89918 732.9061 3565.547 56680.55 3206.831 22.98219 -9999 -9999 -9999 -9999 -9999 -9999 -9999 -9999 -9999 -9999 -9999 -9999 -9999 -9999
