WebGL/media/main/earth_globe/female.asc
ncols         360
nrows         145
xllcorner     -180
yllcorner     -60
cellsize      0.99999999999994
NODATA_value  -9999
[rows 0 to 31 of 145, columns 213 to 283 of 360]
-9999 -9999 -9999 -9999 -9999 -9999 -9999 -9999 -9999 -9999 -9999 -9999 -9999 -9999 -9999 -9999 -9999 -9999 -9999 -9999 -9999 -9999 -9999 -9999 -9999 -9999 -9999 -9999 -9999 -9999 -9999 -9999 -9999 -9999 -9999 -9999 -9999 -9999 -9999 -9999 -9999 -9999 -9999 -9999 -9999 -9999 -9999 -9999 -9999 -9999 -9999 -9999 -9999 -9999 -9999 -9999 -9999 -9999 -9999 -9999 -9999 -9999 -9999 -9999 -9999 -9999 -9999 -9999 -9999 -9999 -9999
-9999 -9999 -9999 -9999 -9999 -9999 -9999 -9999 -9999 -9999 -9999 -9999 -9999 -9999 -9999 -9999 -9999 -9999 -9999 -9999 -9999 -9999 -9999 -9999 -9999 -9999 -9999 -9999 -9999 -9999 -9999 -9999 -9999 -9999 -9999 -9999 -9999 -9999 -9999 -9999 -9999 -9999 -9999 -9999 -9999 -9999 -9999 -9999 -9999 -9999 -9999 -9999 -9999 -9999 -9999 -9999 -9999 -9999 -9999 -9999 -9999 -9999 -9999 -9999 -9999 -9999 -9999 -9999 -9999 -9999 -9999
-9999 -9999 -9999 -9999 -9999 -9999 -9999 -9999 -9999 -9999 -9999 -9999 -9999 -9999 -9999 -9999 -9999 -9999 -9999 -9999 -9999 -9999 -9999 -9999 -9999 -9999 -9999 -9999 -9999 -9999 -9999 -9999 -9999 -9999 -9999 -9999 -9999 -9999 -9999 -9999 -9999 -9999 -9999 -9999 -9999 -9999 -9999 -9999 -9999 -9999 -9999 -9999 -9999 -9999 -9999 -9999 -9999 -9999 -9999 -9999 -9999 -9999 -9999 -9999 -9999 -9999 -9999 -9999 -9999 -9999 -9999
-9999 -9999 -9999 -9999 -9999 -9999 -9999 -9999 -9999 -9999 -9999 -9999 -9999 -9999 -9999 -9999 -9999 0.4230843 0.01295636 -9999 -9999 0.2891576 0.7071061 1.138151 1.502528 1.642311 0.7396575 0.2443256 0.3892715 0.219761 0.2562743 3.753983 1.290539 -9999 -9999 -9999 -9999 -9999 -9999 -9999 -9999 -9999 -9999 -9999 -9999 -9999 -9999 -9999 -9999 -9999 -9999 -9999 -9999 -9999 -9999 -9999 -9999 0.3848449 0.4650483 -9999 0.1912682 2.341009 6.167155 2.120153 -9999 -9999 -9999 -9999 -9999 -9999 -9999
-9999 -9999 -9999 0.2249301 -9999 -9999 -9999 -9999 -9999 -9999 -9999 0.06354946 0.4165022 0.5029714 4.624823 2.416302 4.313312 2.8828 0.571744 1.307878 1.831079 2.394927 2.576164 2.696467 3.573269 2.5474 1.881926 1.384025 1.187726 0.3321133 1.477805 0.7878503 0.1836391 -9999 -9999 -9999 -9999 -9999 -9999 -9999 -9999 -9999 -9999 -9999 -9999 1.103908 2.160069 -9999 -9999 -9999 -9999 -9999 -9999 -9999 -9999 -9999 -9999 0.0001305137 3.061549 7.330915 11.86971 6.922115 7.93635 8.240255 7.210663 1.104325 0.7244642 -9999 -9999 -9999 -9999
-9999 -9999 -9999 -9999 -9999 -9999 -9999 -9999 -9999 -9999 -9999 -9999 -9999 -9999 -9999 -9999 -9999 0.4134477 0.2646692 -9999 -9999 -9999 -9999 -9999 -9999 0.5281625 0.379692 0.05180365 -9999 -9999 -9999 -9999 -9999 -9999 -9999 -9999 -9999 -9999 -9999 -9999 -9999 -9999 -9999 3.132494 1.317844 -9999 -9999 -9999 -9999 -9999 -9999 -9999 -9999 -9999 -9999 -9999 -9999 0.2026698 6.54829 10.93725 7.471786 16.52467 16.00452 22.63244 22.06518 7.092418 12.93453 1.155031 6.319731 11.12838 4.046544
-9999 -9999 -9999 -9999 -9999 -9999 -9999 -9999 -9999 -9999 -9999 -9999 -9999 -9999 -9999 -9999 -9999 -9999 -9999 -9999 -9999 -9999 -9999 -9999 -9999 -9999 -9999 -9999 -9999 -9999 -9999 -9999 -9999 -9999 -9999 -9999 -9999 -9999 -9999 -9999 -9999 -9999 -9999 -9999 -9999 -9999 -9999 -9999 -9999 -9999 -9999 -9999 -9999 -9999 -9999 -9999 -9999 -9999 -9999 -9999 0.268451 -9999 0.02339531 0.3754532 6.061426 1.868664 4.430801 22.68875 20.07679 19.20664 22.30428
-9999 -9999 -9999 -9999 -9999 -9999 -9999 -9999 -9999 -9999 -9999 -9999 -9999 -9999 -9999 -9999 -9999 -9999 -9999 -9999 -9999 -9999 -9999 -9999 -9999 -9999 -9999 -9999 -9999 -9999 -9999 -9999 -9999 -9999 0.00657709 -9999 -9999 -9999 -9999 -9999 -9999 -9999 -9999 -9999 -9999 -9999 -9999 -9999 -9999 0.5569268 -9999 -9999 -9999 -9999 -9999 0.8760011 2.565349 0.343446 0.2457619 0.1248616 -9999 -9999 1.638297 3.138699 -9999 -9999 0.913837 0.6321879 5.974351 19.01942 28.12464
-9999 -9999 -9999 -9999 -9999 -9999 -9999 -9999 -9999 -9999 -9999 -9999 -9999 -9999 -9999 -9999 -9999 -9999 -9999 -9999 -9999 -9999 -9999 -9999 -9999 0.00193989 0.401439 3.451474 7.349152 3.968005 2.843294 2.919702 3.586601 14.69087 17.90969 21.60475 0.04328439 -9999 -9999 -9999 -9999 -9999 -9999 -9999 -9999 -9999 -9999 -9999 -9999 -9999 -9999 -9999 -9999 -9999 -9999 0.06290781 0.05734021 -9999 0.07222722 0.1228494 3.186099 8.692932 14.20333 9.212043 4.456413 9.288753 15.87571 21.73223 41.12073 45.97434 46.94431
-9999 -9999 -9999 -9999 -9999 -9999 -9999 -9999 -9999 -9999 -9999 -9999 -9999 -9999 -9999 -9999 -9999 -9999 -9999 -9999 -9999 -9999 0.95854 5.947393 9.329583 8.408058 7.980219 9.812666 6.305096 2.562692 6.337725 2.988732 3.620346 0.5059021 -9999 -9999 -9999 -9999 -9999 -9999 -9999 -9999 -9999 -9999 -9999 -9999 -9999 -9999 3.409376 4.445924 0.5028797 -9999 -9999 0.4046158 5.143493 13.93224 24.6971 32.03478 35.21349 41.29951 49.15681 52.67815 51.57451 49.31326 51.39491 52.19427 49.61912 50.14544 52.60608 52.54359 52.58419
-9999 -9999 -9999 -9999 -9999 -9999 -9999 -9999 -9999 -9999 -9999 -9999 -9999 -9999 -9999 -9999 -9999 -9999 -9999 -9999 -9999 1.701021 16.08915 25.12887 20.59186 23.9228 18.0801 5.016265 -9999 -9999 -9999 -9999 -9999 -9999 -9999 -9999 -9999 -9999 -9999 -9999 -9999 -9999 -9999 -9999 -9999 -9999 1.265656 -9999 -9999 1.622725 1.986423 2.076413 9.572989 28.18888 51.88729 56.46458 56.11856 55.86129 55.58161 56.03717 56.38088 56.60994 56.29631 56.13989 55.73846 54.79521 49.08554 38.49694 36.45353 48.09899 48.46724
-9999 -9999 -9999 -9999 -9999 -9999 -9999 -9999 -9999 -9999 -9999 -9999 -9999 -9999 -9999 -9999 -9999 -9999 -9999 -9999 11.35537 38.69299 45.91158 38.79865 16.38192 0.200232 -9999 -9999 -9999 -9999 -9999 -9999 -9999 -9999 -9999 -9999 9.265163 388.1942 132.6844 -9999 -9999 66.11909 43.51138 44.51531 -9999 0.2186446 1.370232 14.29032 36.15945 38.47325 39.16109 43.65126 43.21071 47.43933 51.04808 57.77291 58.24055 57.66541 58.01558 57.5841 57.76179 57.83507 58.33422 57.01342 55.11715 55.63741 54.9429 55.69943 51.00745 56.54251 54.22881
-9999 -9999 -9999 -9999 -9999 -9999 -9999 -9999 -9999 -9999 -9999 -9999 -9999 -9999 -9999 -9999 -9999 -9999 2.671293 20.98198 53.67508 55.44172 34.24122 1.909433 -9999 -9999 -9999 -9999 -9999 -9999 -9999 -9999 -9999 -9999 -9999 171.2751 1026.102 1002.345 1010.043 634.6224 -9999 144.5491 450.9255 39.4123 306.9953 335.8673 68.06251 12.72947 41.36599 56.0591 61.08679 59.11377 61.23822 60.96687 60.03236 58.91538 60.52831 59.29378 58.77575 60.33078 59.93436 60.31792 58.12396 56.90148 55.30061 54.4486 47.77793 56.73161 58.0958 56.31966 55.67338
-9999 -9999 -9999 -9999 -9999 -9999 -9999 -9999 -9999 -9999 -9999 -9999 -9999 -9999 -9999 -9999 -9999 -9999 14.20165 36.83578 45.5974 57.90646 45.32285 5.838347 -9999 -9999 -9999 -9999 -9999 -9999 -9999 -9999 -9999 51.09851 469.6845 983.9724 1240.663 1228.191 1134.316 307.758 616.4966 1195.842 537.0717 662.3186 785.0182 985.5146 795.8978 158.1636 47.23787 33.20341 45.88181 63.9249 63.48223 63.94295 64.89618 61.01362 61.21772 62.01199 60.5732 60.66945 60.13103 57.81979 54.75267 56.59473 58.04802 57.65092 61.38262 64.27228 63.33674 63.0755 66.58883
-9999 -9999 -9999 -9999 -9999 -9999 -9999 -9999 -9999 -9999 -9999 -9999 -9999 -9999 -9999 -9999 -9999 -9999 -9999 7.973247e-005 4.946348 17.84072 21.99216 21.53866 6.828439 28.42185 51.00524 1.857528 -9999 -9999 -9999 -9999 -9999 79.15887 899.0228 1185.942 1298.571 1139.838 1138.602 723.1011 90.68335 1143.926 1201.946 1199.43 1181.002 1126.926 1016.855 532.2738 63.09141 48.74518 47.59695 66.92597 64.40891 63.35534 62.0817 62.56178 65.13719 67.63253 68.24928 68.27342 66.97644 65.61425 65.71826 66.2727 67.58384 67.35945 68.43002 70.58369 70.5005 70.75452 69.84737
41705.95 704.8186 487.3137 99.63033 -9999 -9999 -9999 -9999 -9999 -9999 -9999 -9999 -9999 -9999 -9999 62.02809 85.24043 8.638463 -9999 -9999 -9999 -9999 -9999 -9999 -9999 4.076272 40.32323 94.76032 155.1956 143.0128 123.9968 134.9601 213.5391 99.14767 572.2281 1101.284 1193.417 1099.516 1139.309 667.2542 308.0775 1194.834 1025.217 1118.492 1281.828 1315.801 812.5154 468.1343 447.9204 164.3654 64.32944 63.67773 60.81714 65.73234 31014.34 34661.95 64.99982 68.0084 71.35299 73.39974 73.24648 72.38632 63.06286 54.74493 47.31317 43.62912 40.67712 47.04225 50.45647 56.89013 59.62873
108415.9 1168.658 954.3472 452.0949 266.6901 141.0146 414.7812 -9999 -9999 -9999 18.38202 95.57979 100.1268 24.69167 -9999 38.90797 32.57479 51.81488 92.4354 101.6124 114.216 48.17276 109.7516 117.612 117.2871 163.7959 95.49361 144.266 194.5771 206.098 242.3249 2066.369 2020.133 1330.15 891.8743 540.756 1154.457 1200.536 1209.34 1221.84 273.9004 538.3121 1248.067 1207.38 550.6088 1371.49 1391.507 1304.013 1379.881 898.8106 79.15019 73.93952 68.29052 68.95441 2052.455 65.84258 66.42469 65.91879 70.54202 69.85421 59.80002 47.45792 37.33553 37.16317 37.2178 36.4279 37.13715 37.06791 36.67387 34.2278 35.84144
27905.54 7181.689 430.9904 412.8767 403.1231 412.7398 678.5928 491.2798 49.2034 -9999 13.67161 180.4886 90.13442 26.49277 26.01468 151.0375 199.3438 207.7539 200.3679 1259.453 7231.536 213.7618 215.4319 208.9804 203.0111 202.3116 204.6343 211.6398 506.6466 2620.314 6105.534 8059.864 5978.1 1839.384 1424.339 1369.753 1330.66 1299.767 1218.384 795.438 93.95471 937.1226 1440.707 1411.578 1029.736 1276.4 1365.778 1318.304 1415.04 472.0941 135.8482 110.838 143.2764 136.0875 97.2682 108.0709 111.4152 110.3607 59.38481 37.19453 38.24507 38.48546 38.24709 38.99146 38.97181 39.0677 38.88146 38.08181 36.73503 36.02694 37.56678
934.6631 357.0701 350.0876 424.278 496.6434 511.767 449.834 241.4731 101.2399 238.1552 155.9831 256.8093 257.2094 192.2619 207.3243 265.0352 318.4489 420.8063 534.6914 529.3748 1131.728 2892.229 2910.629 2862.824 2939.127 2795.888 2142.667 2128.58 2195.847 5171.051 5409.032 3272.731 1538.81 1293.65 1351.04 1336.377 1210.236 1094.714 786.7146 715.0023 1328.127 1556.157 1506.17 1503.074 1394.809 1497.214 1557.69 1462.409 1353.738 1423.425 437.7191 165.0462 163.1055 154.9311 157.9845 167.1706 112.2571 59.77974 40.51321 40.65851 39.38344 39.56493 40.1691 40.4278 40.73464 40.72931 40.71482 40.52365 39.81202 40.24352 40.23433
2778.637 2605.364 106.7416 84.3978 164.7608 -9999 244.6897 1915.172 1464.615 873.6235 760.1266 597.5318 571.0801 558.8282 523.2123 567.6483 606.4785 619.2193 619.8165 665.9796 1855.731 2166.995 3343.878 3519.479 3490.973 3675.926 2722.289 2430.756 3927.793 3457.335 1644.343 1427.358 1070.269 1589.565 1602.855 1606.183 1598.851 1632.394 1608.72 1524.695 1594.172 1615.212 1587.369 1552.052 1433.036 1568.412 1577.22 1584.473 1423.05 1526.6 1472.489 614.5267 180.6571 179.8734 169.2606 166.9814 67.29246 42.159 41.6088 42.05145 41.95679 42.29391 42.26852 42.40598 42.43901 42.39216 42.35086 42.22588 42.08672 42.5097 42.2312
4066.581 3803.777 1098.577 544.4405 1554.738 3626.225 67339.44 154612.4 2666.369 2374.049 1905.327 1586.071 907.6042 738.3107 777.9899 752.85 871.7014 1012.895 1524.837 7784.326 5847.189 3876.616 4790.205 3257.219 2529.132 2524.71 3674.292 6255.56 6243.719 5685.397 3557.354 3561.057 3158.188 3807.972 2166.309 2850.156 3582.536 2486.433 1622.982 1616.071 1558.247 1463.914 1572.969 1557.004 1577.407 1450.031 1527.156 1604.534 1639.496 1711.243 1734.931 1647.01 1322.983 183.7504 178.7346 190.5007 160.8675 122.6095 91.3437 45.05069 43.61798 43.84031 43.90953 43.98028 43.82561 43.75642 43.68837 43.7085 43.86634 43.94275 44.02017
5466.472 6818.615 6063.96 3528.822 2667.218 3055.138 3388.721 4533.54 4303.408 3004.698 2262.603 1954.733 1793.101 1670.928 1265.368 1205.178 1252.763 1810.334 2017.377 8154.114 16910.21 8527.542 4911.508 1844.726 1183.203 1136.111 4349.747 6593.882 6290.856 6529.646 6483.349 5961.922 5422.244 6360.911 6444.687 6378.841 6312.891 5566.771 3497.334 3065.358 2682.592 2056.53 1976.971 1604.292 1458.247 1410.163 1686.289 2024.997 1828.138 1753.121 1772.049 1787.335 897.4918 193.4166 184.3407 197.1751 196.7515 197.3351 173.6403 53.27089 45.78803 45.81767 45.49097 45.0975 45.23501 45.43627 45.61007 45.68559 45.7403 45.68061 45.47655
10737.93 8547.377 3691.461 3669.71 3770.405 3836.736 4110.516 10964.91 7170.357 2828.872 2670.417 2156.127 1827.097 1960.709 1841.393 2183.388 6894.954 4977.782 2213.159 2196.248 5859.631 7207.526 1665.662 762.8463 767.218 766.8135 3995.389 6806.624 6781.922 6829.377 6822.052 6626.491 6142.313 6262.815 6702.338 6713.073 6058.284 5503.336 5001.665 4619.399 5198.041 5154.011 5604.285 5496.009 4542.578 4008.282 4823.755 6236.76 5879.989 5299.064 4157.067 2273.685 384.8759 203.5555 204.2842 198.4773 200.8449 151.9455 68.1539 47.17168 47.36664 47.33651 47.39827 47.40033 47.35379 47.36766 47.38556 47.27644 47.25257 47.34929 47.425
8158.141 107993.4 2898.719 3360.996 4324.167 3969.532 5234.543 7705.923 10466.14 8690.941 6104.328 5141.323 5338.689 32445.04 20350.43 3853.437 6923.147 101127.8 4504.417 2326.004 2417.519 2290.291 2273.23 1764.713 1717.145 1847.148 2740.709 3874.604 4404.478 5993.679 7058.708 7053.706 6984.304 6976.392 6010.386 6574.457 6261.698 6506.71 5657.873 5982.094 5667.589 6149.241 6369.544 6478.193 6885.747 6935.505 6137.279 6659.228 6698.088 6661.316 6664.854 6216.841 2852.722 353.176 341.4005 314.2074 200.9223 176.1493 50.9754 110.1988 114.7757 106.4385 57.30796 48.5825 48.72128 48.77232 48.76004 48.68971 48.88013 48.9378 48.96535
18678.02 13502.27 6609.239 5520.016 4536.425 6087.173 7267.281 7495.677 6928.167 7806.529 5915.663 4634.08 11722.38 13621.18 8581.181 5599.567 3973.645 2840.524 2654.412 7072.634 7661.362 7680.926 3711.087 3100.034 3207.961 3279.586 16154.15 10850.58 5006.059 1871.459 6039.523 6907.632 6300.723 6753.387 6762.453 6479.566 5947.326 7198.177 7102.532 7116.805 7092.366 7205.352 7164.805 6338.956 18041.23 1984.687 2505.334 2359.618 2996.895 2381.614 862.0852 1024.153 594.2006 597.5767 596.9336 595.3762 549.5874 500.1224 461.6217 532.1205 550.714 547.9573 156.4762 50.49144 50.24965 50.39983 152.8962 50.98654 50.33234 50.33898 50.53411
17844.27 18266.2 11192.78 8716.508 116552.7 28589.46 128980.3 23530.48 11411.56 6904.467 4648.025 5436.751 6718.465 6728.396 5646.056 7308.607 10112.49 4848.26 6350.032 9549.727 7818.105 8457.009 8136.986 101276 14638.27 15684.38 12284.42 47783.49 19054.15 1334.697 1424.839 4979.805 6541.561 6700.4 5808.741 4065.646 1473.625 1753.214 2748.111 5695.84 7452.136 7478.757 6787.664 2957.349 657.9474 657.5029 618.4605 574.4172 607.3597 721.7672 1694.698 1022.892 919.2415 923.8775 800.1648 677.2982 615.5895 605.8729 585.764 569.4864 566.3338 993.4766 1353.13 1215.241 1450.236 1692.686 1999.276 1352.662 1140.936 669.6329 160.7363
26637.86 22733.53 14213.59 13152.92 13315.88 9913.153 23197.65 18902.92 23887.78 14225.77 7863.916 12906.09 19917.92 8591.94 8766.273 24702.91 215361.8 50803.97 16011.12 56311.09 18025.97 24663.55 50823.8 79644.72 50179.75 26592.68 71654.52 33156.59 14058.22 8520.393 5530.677 3617.401 11028.89 5489.125 3614.819 42376.15 1994.823 2516.978 1584.412 1091.529 2465.786 4538.18 2456.955 628.6661 664.3965 700.6299 727.4948 971.1014 3008.141 4913.231 5765.854 1279.387 1051.796 1719.266 1499.195 724.7984 634.4877 635.5958 630.9442 31911.9 2721.714 2104.732 2155.412 2193.522 2195.795 2070.354 1750.012 1584.556 1488.689 18493.06 1222.712
23854.29 55791.5 34321.63 21294.66 35835 106412.6 275714 196575.2 117113.7 61611.16 13631.04 16972.14 22879.57 27211.62 18889.69 24016.95 23531.54 13508.38 14227.68 27518.82 55251.84 37893 189488.1 228067.5 38075.25 47670.47 143820.3 96151.63 88538.96 35777 28864.63 17276.98 258744.4 14331.29 7449.333 4191.203 4016.844 4282.672 3946.752 3440.533 6198.965 7562.909 5301.009 1229.901 1082.627 1083.96 1872.467 1587.207 2806.102 3547.869 5785.875 8661.128 12421.27 3486.638 2364.901 1559.674 2022.602 2021.298 2437.497 4472.227 5251.163 3344.141 3582.93 3993.067 4132.026 5978.667 3400.591 2599.474 1299.556 17638.12 4745.028
12594.52 40176.19 170928 126708 308163.7 210993.8 74320.95 237107.1 178956 61792.04 590900.6 174247 27038.05 35450.58 344678.8 78011.28 54113.25 52664.63 46738.67 69746.94 327830.8 112592.8 36910.23 33780.51 37667.71 27116.65 65786.92 632904.7 129269.2 55589.06 51036.43 17590.57 28673.51 40362 15807.03 14755.81 37716.01 10427.47 6837.233 6095.242 7658.559 11824.2 8158.211 4672.266 4646.53 2507.605 2589.908 2114.719 2339.138 3250.359 11443.99 141207.3 163818.4 35747.82 17149.28 14910.7 14357.8 68399.48 8942.746 194715.3 120906.5 39612.23 49508.87 11092.6 10098.32 6320.571 3649.796 4254.554 96710.95 4339.577 6235.615
36148.86 38780.39 53937.76 273657.2 5424095 657408 138660.3 64706.47 56393.82 111178 103581.6 57059.81 43727.67 70403.36 115223.9 182897.4 407838.1 61054.17 163916.1 269900.6 47399.02 57214.99 56430.04 32301.79 33252.07 37077.53 81746.49 112993.8 497961.1 23887.88 19819.42 25309.24 145698.3 13719.2 11632.23 20017.38 42253.61 11388.63 17961.14 22221.58 185072.8 20911.22 15697.71 12205.52 15876.16 18465.01 7924.646 5941.688 10576.28 243008.2 89562.66 56951.42 84417.8 190056 10110.29 12905.57 32816.02 19315.78 7780.2 144046.5 22280.59 20088.91 7169.307 9284.071 7591.84 5392.724 3729.647 4707.645 4629.992 4691.309 2854.98
45939.91 33335.93 51031.84 190713.2 367920.5 162525.7 258461 36793.25 49315.34 36743.78 76103.87 55371.65 179741.5 54985.38 48678.57 296100.1 80851.85 52106.68 56807.2 113921.9 129165 75464.46 175225.8 332027 37076.04 50947.21 76113.04 59155.68 123766.5 18137.28 13159.01 17039.08 11535.81 9368.747 11185.37 33687.35 33418.23 11769.37 24457.49 29045.68 324397.8 29745.36 15111.27 10061.03 12815.06 13316.69 11398.55 12140.22 17302.99 167246.7 263576.4 20854.14 51580.86 137618.8 12985.99 15895.54 12594.34 11256.53 10708.61 6018.32 5745.394 5297.749 4461.203 3967.616 4595.606 4062.847 4063.718 22301.09 8145.233 19576.07 2049.928
51766.84 243864.8 37501.21 74429.12 80168.45 117503.8 60841.67 47344.75 46522.36 36331.23 48354.6 131106.5 191613.9 76171.49 39992.12 114635.1 433403.8 470855.8 62353.76 54495.93 29592.39 34324.03 184127.1 72627.45 20559.13 89993.58 120505.3 28306.77 16030.98 23403.19 92879.15 24450.69 9654.924 8629.548 11516.6 18545.92 40841.43 19286.14 6019.451 4589.337 7143.364 11176.75 7092.183 8359.499 13874.37 23042.27 17806.35 13942.43 31848.76 24755.62 312650.5 39839.37 16621.36 123009.4 253722.3 30361.53 14658.39 14569.49 153881.2 8644.555 4631.01 4456.398 3264.699 2125.741 2211.258 3347.875 3971.164 5757.539 7960.306 25122.96 36533.25
