WebGL/media/main/earth_globe/male.asc
ncols         360
nrows         145
xllcorner     -180
yllcorner     -60
cellsize      0.99999999999994
NODATA_value  -9999
[rows 32 to 63 of 145, columns 213 to 283 of 360]
51605.43 38845.36 73956.9 131993.9 53554.01 86892.61 246022.4 83702.08 177149.7 41463.46 45965.46 44301.79 35353.89 35946.26 52142.38 40612.39 52064.58 33568.87 22386.94 50211.07 27534.44 19168.73 50376.4 27373.34 12087.33 45378.95 12898.22 17015.46 10743.46 17618.26 39594.71 11952.74 5748.549 8672.287 8603.996 11729.49 29218.81 17138.57 5624.368 5114.569 4414.855 11298.46 11054.96 46684.79 84201.7 26216.04 18321.54 18684.07 19884.81 27602.39 16643.2 45585.43 77951.8 10098.17 7143.71 8582.131 3811.065 13738.11 14802.68 4090.646 3188.268 3787.242 1965.449 315.7467 318.4294 484.8718 525.3833 1036.393 3988.943 9395.615 130558
128419.6 62411.11 76367.47 197620.3 109831 99456.11 427258.7 53945.95 47004.05 70876.85 48521.27 28107.62 258146.1 187057.6 69393.95 35145.74 19230.07 41818.51 47215.92 27740.83 19068.2 27905.47 217340.9 19662.21 29066.01 138461 22002.95 12693.53 8341.351 3353.732 4645.134 2935.8 5178.658 5603.407 5255.136 10586.42 9468.854 59350.75 119165.7 19190.64 6415.815 17852.22 13643.8 11132.09 12933.19 5312.414 9971.458 12728.7 73099.15 16630.78 9164.67 12117.32 30668.18 13356.43 2508.464 2040.726 3054.927 8227.328 5268.655 6153.713 6074.502 40097.19 1948.318 952.3371 888.7143 906.3195 1044.281 1171.162 2243.333 4955.399 19644.62
86159.07 185137.5 89525.59 508639.6 84461.27 73111.59 80664.28 63469.01 38153.86 35938.09 45124.3 27359.38 72353.09 22489.18 16530.91 15958.24 9198.13 16229.46 11894.46 6466.201 7674.44 8546.331 7439.18 25252.75 131612.6 8896.46 8905.356 3816.49 2443.771 1742.945 1274.618 1501.118 2030.956 5361.141 5738.233 4954.03 2506.052 26087.61 88982.41 23911.67 44362.34 72079.12 6131.145 3143.635 4182.335 7299.986 19889.65 23956.82 33195.5 31291.28 29802.69 11129.31 3690.66 3316.865 2289.767 1765.848 2437.481 3233.453 4613.951 5102.995 3050.265 3067.528 2309.645 1374.294 483.6967 1355.908 1684.849 1869.782 993.4493 2792.166 4413.535
192001.5 183522.6 92893.46 410883.9 95231.59 76370.25 55301.28 44168.1 24239.61 17462.07 30941.88 23576.99 24440.93 10476.22 5254.654 4995.356 4145.525 3402.183 4269.568 4374.253 4503.462 4541.621 5501.202 8565.036 8153.436 6663.034 4230.249 1606.384 1424.797 1311.981 1085.827 1186.086 1966.659 4345.086 4440.137 1599.289 1463.788 1526.669 6650.207 49898.19 76157.51 33850.71 3899.182 6113.066 27259.59 21476.88 7406.309 6771.478 18402.65 67332.66 30115.55 13074.99 6101.813 4713.042 2285.602 2713.425 4883.143 2468.388 5447.603 2019.738 1324.246 1605.414 2398.014 1605.582 1484.635 1973.823 2689.778 14704.95 3859.491 2460.203 1605.609
165795.5 320294.9 345653 100657.1 535493.8 651542.4 383669 114049.5 40356.02 23502.79 31898.03 501186.7 24656.67 23608.91 4054.706 3034.751 3098.01 4411.692 6106.701 5098.78 3481.896 3481.048 1960.402 2970.272 5886.253 4321.034 2691.741 1474.83 1127.975 944.1597 948.3143 2637.543 3463.076 3717.289 3724.503 3590.402 2684.625 2081.587 2181.411 1913.38 1873.958 3923.949 5178.779 5248.552 10014.08 7216.356 3004.833 4428.305 5493.447 6550.554 4239.761 4111.706 6221.523 21563.68 5990.303 10511.98 9592.68 3034.137 4999.986 1441.776 810.8491 1021.513 1341.163 1211.048 1790.311 3394.684 3520.956 3451.565 3699.752 3194.725 5968.219
251973.4 165887.8 345088.9 68129.3 483050.1 232805.5 561375.6 235128.5 55426.11 83189.39 20922.87 8850.852 7035.864 13902.39 13850.02 11219.45 6659.717 5341.905 17210.88 42944.57 9026.533 6268.477 1229.823 1015.465 1467.915 2218.707 2052.761 2248.283 3800.143 2207.427 2399.229 3599.84 3789.637 3796.831 3766.521 3756.659 2591.336 2220.516 2111.936 1919.357 2431.275 4227.791 5945.769 5931.023 4908.75 4859.86 4590.784 7410.885 7245.389 6811.184 7661.126 7362.521 16421.24 27111.37 58767.34 31476.21 9764.968 4624.983 8358.226 1892.564 1112.511 896.669 1032.252 6330.706 1152.162 1411.193 1925.983 2617.864 9096.796 5478.739 4461.74
111329.8 60227.11 87913.05 54722.18 12304.35 88160.55 101326.3 67382.68 62160.25 29643.26 14339.62 44978.34 4067.555 8500.221 83918.34 164112.6 6447.636 747.4538 13981.06 21598.24 5672.808 6292.4 4285.093 1995.229 1191.786 2059.43 2847.683 3192.881 4220.444 5156.396 7081.48 4259.397 3716.356 3817.086 3857.095 3542.735 2274.176 2264.745 2052.983 1944.13 2990.441 2525.65 2776.419 4498.913 5113.344 5757.898 7288.489 6995.647 6375.607 48408.39 104710 18758.75 12421.92 7870.453 13612.47 8855.403 14252.24 19681.53 2418.361 1503.975 1431.993 1126.34 2293.73 4696.468 1245.756 1269.52 2008.721 11269.15 4670.629 13251.03 3658.433
135403.3 135307.7 62999.89 75610.57 104911.2 264320.8 304188.1 178796.7 193419.9 105021.6 43019.5 18589.88 7393.559 8875.315 19234.76 9352.854 0.6277878 45.39075 1737.476 727.0939 3355.543 2916.284 3856.813 6250.945 11771.96 10845.39 4314.297 3672.128 5029.084 5567.18 8248.548 5639.082 27962.33 4237.523 4234.762 3486.306 3493.33 3555.556 2795.612 1853.251 1322.182 2088.581 2524.858 4732.731 6932.439 26931.02 9780.597 8431.856 22618.96 17576.76 18672.42 116180.1 36321.41 3963.142 127.873 601.3446 1034.059 2951.195 2131.951 632.9914 702.0883 702.91 1148.92 1044.363 1076.14 1315.755 1144.205 1361.214 2175.418 1516.45 1832.709
166986.6 202334.2 7801.958 -9999 141629.7 120238.1 169145.4 131833.4 212225.5 202655.8 214957.6 70299.66 29433.05 18836.14 4943.413 -9999 0.675601 2047.834 3118.284 1902.283 1699.786 3443.234 2886.519 32494.34 32500.73 20800.48 6954.463 11388.71 6737.049 6525.466 6642.986 4217.149 55368.54 7066.477 7313.996 3564.967 3517.711 5206.065 3806.549 1879.187 2309.891 12900.85 15937.97 45484.35 28789.54 38303.39 42161.96 111482.5 85856.35 100222.7 17498.65 169228.2 187188 277263.6 259973.1 38837.56 49270.5 6274.625 2136.496 780.2507 1257.83 336.7443 276.5579 496.8547 244.604 424.1406 669.9478 1077.877 1078.623 1307.501 940.4035
-9999 -9999 -9999 -9999 -9999 -9999 83038.98 97159.99 60835.7 104971.6 233027.8 260141.8 281499.2 267985.9 173822.5 -9999 -9999 15.1393 87025.92 4572.125 5491.628 6536.28 5560.025 33060.62 33060.62 32599.16 32777.48 32847.04 29117.58 17692.17 17158.54 16471.07 13079.28 8846.217 20113.29 86636.18 11799.36 28879.74 88027.23 25615.06 25665.37 55740.95 26228.78 531178.9 137588.1 60514.86 24388.49 51769.22 391941.6 138864.2 88263.45 9541.398 6575.431 24269.36 1231723 27048.88 84695.34 34868.71 10276.88 34980.88 33333.64 9510.396 1924.8 413.6227 267.1801 387.8372 457.472 592.0621 595.9797 654.5198 651.3216
193.9434 2745.169 2798.423 -9999 -9999 -9999 -9999 247.1397 100783.6 190454.5 84239.12 137065.5 72214.66 110962.7 287432.1 70742.82 -9999 -9999 172.7913 3524.656 7490.282 8729.25 6907.659 33602.31 31218.13 52920.54 44597.83 33643.33 32932.95 24152.96 23534.57 23536.13 23191.61 10701.11 12793.18 21644.75 331373.7 124504.9 97497.43 44432.91 39453.78 427820.4 74834.83 53024.17 22298.01 48375.63 21564.96 22732.19 22116.74 9202.09 5021.997 7731.633 14380.99 114384.7 16137.32 36993.16 113148.3 32118 -9999 5959.669 122059.4 7158.599 1799.28 313.1826 920.5695 1489.266 295.7381 1486.121 2238.62 1833.792 507.9903
78671.35 83279.18 122566.1 290749.4 52672.33 2199.915 31196.4 33679.78 150360 92546.8 83284.24 502046.1 210736.8 149240.8 110862.5 203928 8377.855 -9999 -9999 2606.453 205.3235 12140.37 10822.05 36070.57 49288.3 66941.77 66979.43 331885.6 131847.6 58266.32 24354.8 23895.48 23884.6 30608.5 49410.53 97286.99 1051358 411103 287044.6 170033.8 96920.95 18250.18 24577.68 17889.76 14717.97 15863.49 75663.63 206222 59648.88 258946.8 73293.48 37197.59 32406.81 220935.8 7427.602 958.2964 6123.42 -9999 -9999 -9999 160.7806 4634.453 3616.99 1409.176 393.7559 15.10614 642.7023 1818.505 1786.441 3240.437 338.3499
103649.1 131280.8 165218.3 206911.1 212510.5 148943.6 236662 129170.8 85830.57 65851.5 154004.4 636473.1 164513.9 322322.3 291130.4 162113.8 841974.5 101058.5 -9999 3038.11 11962.33 13726.57 17095.49 22666.67 64252.87 62868.16 67811.33 53784.05 48403.58 193661.1 118432.8 101876.9 55846.14 282377.7 157300.1 407272.8 530016.1 648896.8 1038272 973151.9 189909.2 28516.68 6408.942 10632.35 4379.831 15588.38 37909.34 143614.1 62922.69 9466.222 1658.208 359.1662 224.4518 1948.365 2687.761 975.7062 1084.252 -9999 -9999 -9999 694.3983 48609.39 34778.03 35488.29 25722.73 28135.06 13407.23 640.4755 44.71671 332.9058 649.6362
297317.6 104720.4 114497.2 120206.9 71257.73 18975.71 93257.47 59059.11 129089.3 98778.12 164611.6 179706.9 149860.3 154854.6 217899.2 307985 63040.23 -9999 -9999 110.4962 8523.146 17341.74 17322.9 19274.6 34029.25 34031.12 34830.51 48060.5 52116.57 57378.25 100238.6 129423.3 380682.8 485818.3 323510.4 133222 112963.3 61733.73 43641.34 37199.21 20491.99 20402.73 279061.6 389859 119500.4 75973.97 25550.13 -9999 -9999 -9999 -9999 -9999 -9999 31.72911 1446.104 3652.12 1113.24 553.2556 0.652128 888.4719 2766.331 21894.5 4541.512 3322.733 27289.51 261453.4 73770.67 78879.45 4069.821 4358.01 11874.09
102995.2 207699 378008 65411.63 86251.25 247890.6 207991.5 196299.7 142149.9 99768.71 181412.1 199246.8 226917.2 449704.2 150351.1 426761.8 956.9135 -9999 -9999 -9999 2122.476 17589.45 23144.49 47500.5 47109.54 34492.41 34452.15 46506.07 61490.79 54768.05 50154.32 84321.08 205194.2 281946.6 333026.6 658701.1 217468.4 70516.14 18860.89 7823.476 1365.201 3285.967 16671.49 94596.04 390738.8 364.2159 -9999 9927.075 5480.958 157.8286 174.9676 1.766894 18176.96 2072.772 2378.443 5882.921 675.0248 1473.652 5780.561 1754.154 262.0126 1696.418 2187.386 38.43079 636.2259 1826.582 14162.73 266755.3 99618.52 242262.5 64603.28
113334 208857.3 277698.6 336547.9 457572.8 276889.1 258759.1 256865.4 319641.5 264586.8 141462.8 325081.4 255884.6 442184.5 115291 174681.3 533864.6 107728.2 -9999 -9999 2149.169 117542.1 194825.4 56318.61 143569.6 440263.8 43161.8 37451.45 60007 62545.28 55965.48 53935.23 50141.93 146365.1 266865.8 397690 334132.3 116928.6 33552.2 17725.08 1993.932 3721.054 9938.067 25363.83 127637.3 77715.56 326349.2 97322.66 15917.62 7117.897 2132.296 2524.165 1295.043 838.6763 32.69764 4.552128 32.19281 721.3216 5419.996 2968.53 367.5692 445.2792 3711.875 3120.62 26920.44 14336.1 14360.34 19492.01 111165.8 363118.2 146344.2
91139.88 306871 493094.3 633681.5 1326124 275916.7 146735.9 190154.4 176785.8 443418 332099.3 371413.4 256073.2 207085 92536.27 172715.7 255615.9 355976.3 323722.6 508107.3 305850.4 279418.2 53620.85 37370.43 93413.81 159151.5 663086.1 228627.5 55250.7 63292.98 62535.23 77766.75 106832.7 189574.2 179385 221742.4 203234.1 80879.8 49511.32 52299.86 33746.34 34733.75 17341.01 1595.678 978.9324 3724.873 28901.41 30585.04 83969.66 9271.431 1133.512 455.8801 15.35646 -9999 -9999 -9999 -9999 -9999 407.2299 748.5521 620.9412 75591.54 9377.94 2001.091 17615.54 14978.65 10363.16 39386.71 948890 407192.8 1194138
198621.7 21055.82 262707.3 866057 131736.6 98619.77 135844 116400.1 42557.32 96006.06 280531.4 354553.2 372916.7 256582.1 150351.3 157162 145402.2 804800.1 4179390 113938.4 43166.26 21857.93 16625.63 23264.63 58242.14 159220.4 251274 246231.3 58590.65 70042.63 56759.83 109353.1 66120.51 70983.36 48591.7 94025.51 193155.7 32966.56 176606.3 601982.1 150893 71607.88 41147.62 23493.08 4938.87 472.7021 528.9638 207.2026 1258.004 374.6823 -9999 -9999 -9999 -9999 -9999 -9999 -9999 -9999 -9999 34.26442 665.0242 3747.412 597.0341 2814.066 3415.201 3749.907 14478.68 53622 49846.86 237189.4 818892.9
102300.9 1080.271 377326.8 837520.2 47056.66 10989.39 24224.14 135798.8 50044.77 48774.18 136867.5 145598 136561.7 281500.6 319982.9 433511.7 257054.5 278727.6 258933.3 34131.27 26637.32 17114.71 13727.09 10215.01 17873.19 44792.85 48805.93 68224.85 49205.18 235606.2 65172.42 28472 42594.45 65131.18 74021.01 178191.1 1055074 424213.2 1968850 1856344 1053619 1026139 280307.7 45337.23 9366.406 6439.192 327.8047 423.5063 10.40915 -9999 -9999 -9999 -9999 -9999 -9999 -9999 -9999 -9999 -9999 491.2766 544.8851 1766.931 7388.734 2697.229 1380.452 1555.156 6798.389 22698.04 21205.74 51528.24 172743.3
-9999 -9999 1645446 1434969 13893.69 2724.045 3919.574 6027.338 11394.38 72760.8 260166.9 2159108 72576.42 147285.7 185044 324687.2 198383.1 174000.5 165001 18419.81 7370.936 6781.623 6369.548 4691.085 12687.97 24366.47 37590.86 28077.54 26649.54 39279.65 31033.97 44867.2 55524.74 66404.36 107142.2 239973.9 273523.8 495630.6 1322355 1717443 1797755 1006868 650952.8 38808.2 12867.22 12713.63 2700.178 732.2559 258.13 25.57431 456.7982 776.2185 488.9876 629.8275 284.3639 147.9792 23.2027 166.4483 332.543 270.8066 545.8083 1434.901 11563.25 22838.47 20413.3 7254.098 11762.79 14064.54 16701.49 25787.31 27559.83
-9999 813510.2 1574174 652684.8 11062.07 1880.089 2139.328 922.404 904.926 8466.102 189262.7 762356.9 256500.5 131551.8 109401.6 237784.4 130979.8 212151.6 542612 434448.6 41857.16 91646.32 12281.41 6203.305 5091.449 38496.28 28425.88 19984.91 23816.7 52415.61 15854.88 48034.98 74877.36 50552.36 71612.18 41247.35 212797.9 708832.8 680073.2 1071947 1810526 3402969 1308528 381464.3 57610.12 9463.892 6311.347 4510.294 1557.982 1049.576 1930.725 1605.115 1039.746 758.7332 2343.362 1541.529 795.8374 2119.547 7251.653 7106.075 12215.02 4535.479 14243.81 29519.58 15415.77 19548.08 16950.16 24271.83 26981.91 21923.83 38099.95
54458.05 940473.3 1260719 175655.7 32452.32 12296.14 13091.65 17395.47 4729.491 915.2728 51639.36 242388.9 392540.8 337989.6 209668.3 474271.6 243410.5 180592.1 122204.6 252734.5 48137.62 159976.9 33807.55 17655.74 19099.59 42944.49 10979.56 23086.75 50629.02 9092.071 34357.59 89360.29 190711.3 49160.08 54864.41 25292.93 85623.37 451491.2 539412.8 1706397 3361095 4807303 2473631 1250951 472836.7 55978.82 9945.765 1684.328 1169.786 1172.231 1777.871 1751.358 2994.487 2042.584 2417.521 2622.883 4051.216 5455.809 18338.95 26342.59 20831.9 19226.83 22549.17 28376.65 40314.25 34668.7 25646.62 37035.33 21425.47 55266.07 315808.6
13331.44 19101.91 75015.63 1433.754 14380.92 27759.9 18101.46 21422.95 21961.89 18691.07 64723.81 16013.69 30843.48 139930 546306.6 284046.6 163723.3 150633 127597.5 118458.5 46464.54 21214.63 78113.25 93015.56 49568.12 60206.49 48953.82 69543.96 62540.73 9272.001 7793.677 14511.37 13666.85 335747.8 189213.2 85880.97 97600.57 570478.7 2044044 2104325 2057630 1559954 2054339 2852446 1529513 795588.9 177918.2 36072.88 4893.299 1218.311 2811.011 1027.141 1775.183 2494.619 3372.655 3571.731 3982.389 9282.598 21251.32 9932.697 6939.256 9224.891 14071.86 13858.54 19348.76 24044.05 11803.03 29642.72 48500.58 142361 2820776
8659.955 12414.35 53633.02 24216.28 37154.62 14356.39 7968.899 14944.33 21327.18 12759.54 11044.86 2901.691 1142.56 38481.77 641963.6 360501.3 0.2658706 106851.9 218910.5 636519.6 133961.3 40697.6 67797.84 56101.36 77735.31 86776.09 67025.64 69911.88 18184.59 4161.898 8915.783 10046.28 30578.79 128049.5 105541.9 58414.6 80117.97 975148.5 1672303 961291.3 836749.8 788424 1300834 2030510 3405214 1983529 831276.9 352574.4 190368.1 36983.5 4009.4 3599.749 4139.79 7397.801 23100.51 57231.36 59048.03 47354.14 209083.3 19928.03 9747.543 27677.22 9002.282 5616.031 13206.61 22211.01 19958.55 21700.14 23755.91 326023.3 1304324
12476.34 42008.86 35032.93 43348.98 30040.16 19664.07 16495.45 27396.83 28700.94 11078.54 7858.262 17197.09 25045.98 30176.46 123898.4 88759.05 -9999 20108.87 90836.71 74166.34 114708.8 87418.53 60062.25 41985.42 99213.69 75407.76 45850.38 46098.08 38543.61 13507.5 9756.832 21083.62 26243.26 68341.13 162197.8 598364.1 601281.3 1064204 102370.1 141123.7 299906.6 416021.6 948744.1 2712809 9900830 3091433 2910255 1084733 737175.6 322718.6 309562.1 199483.5 29130.87 10341.27 21215.37 14915.47 28467.94 14512.08 15696.44 18795.32 12332.08 44484.23 39400.81 14008.07 5428.937 17060.26 35606.96 22401.59 55767.71 353964.4 383597.5
85049.88 24915.51 9067.265 29642.27 21716.05 4057.803 7858.549 31271.92 31376.49 13204.16 30812.57 42197.55 29802.62 24525.4 13848.27 21146.46 63122.17 0.9644202 8294.384 99604.38 75189.59 59177.39 99914.13 167847.9 109987.7 41223.1 27289.22 42250.89 39025.44 47175.38 17267.38 15806.37 19304.5 50314.14 520369.5 1450615 361134.2 94951.83 93735.2 195297.2 478140.6 685814.6 1351747 1501352 2499072 3322837 2512429 2498366 2223156 1723138 1830269 1049071 1441130 259734.1 200973.2 518239.4 86501.06 25665.26 61944.51 50905.73 178368 664358.3 902766.5 54991.3 16105.31 37446.81 133304.3 117702.7 160584.5 533878.1 746296
28382.32 3579.581 47.9291 11679.21 10636.44 8899.758 10665.98 22438.11 17865.14 43118.18 103091.6 78141.66 25609.07 14171.1 5431.866 14369.49 797754.6 876807.3 3583.439 -9999 10063.8 26000.15 40411.56 23480.43 71642.28 22316.79 38307.71 45772.34 56920.6 58966.3 56808.72 42377.11 21085.2 44834.57 426805.1 857487.6 97847.98 54839.03 112555.2 490611.5 702766.9 889816.1 1688884 1082555 1251877 1690197 1923883 4206564 2810634 2953785 3688492 3785287 4221482 2453063 1938885 2421789 1988740 1308003 1908177 1705682 704597.1 896170.5 103433.4 26261.86 18802.04 55014.09 220283.7 418891.6 524027.8 406178.1 580059
12784.95 5378.623 -9999 2248.433 20994.01 56489.57 22396 24774.53 38022.64 76911.05 127479.5 74240.48 208629.5 124231.7 46541.87 12890.04 21719.65 52649.34 1126462 71.72968 -9999 610.1154 986094.9 200762.2 3967.274 8952.687 19728.64 42690.23 84651.89 44979.23 41736.47 24359.21 20656.59 125188.8 835697.6 1573738 567456.2 221255.2 353090.8 446962.3 581770.3 819058.6 808029.9 670055.8 543751.3 1143611 1026457 1336969 2800009 3848315 3290106 3688384 5090015 3706065 3208693 2964921 3197057 821157.7 801184.1 507058.4 458975.1 303637.3 55858.15 187773.8 120270.1 276546.1 420757.8 794839.3 532312.3 1475445 860812.8
87569.24 1262.562 634.9183 -9999 30486.94 91477.89 190655.6 90991.45 10072.38 23830.34 34167.97 39083.91 579482.7 853948.2 688793.3 18890.56 12950.31 12210.69 46534.74 14948.75 20964.74 87113.34 1007167 212377.6 587.3522 -9999 -9999 -9999 -9999 -9999 -9999 -9999 -9999 558563.4 3429032 484380 269411 141933.8 534890.6 905239.8 850257.6 867629.7 781542.9 726929.7 636500.8 792309 623161.2 802458 1050993 865383.8 1089991 1886599 1988624 1811587 2086523 3827779 3759916 3937302 2374329 1527234 693581.8 185957.2 114462.7 146396.4 241374.4 463777.9 535098.1 425793 290344 1280913 745026.8
2669.286 729.1401 1979 -9999 -9999 18819.57 141171.2 16025.36 54716.04 26309.29 14195.42 15027.04 13046.25 31604.99 64070.43 31512.68 13051.33 13051.33 35488.4 158719.3 160162.3 160162.3 73691.25 66590.63 203221.7 432052.6 1076.526 -9999 -9999 -9999 -9999 -9999 -9999 -9999 12238.49 65460.54 141183.8 296969.4 397543.9 2698803 1209285 1115286 1092899 869674 1356466 771454.2 937742.7 913847.8 546387.1 505780.8 496461.1 748411.6 1794738 3275612 2678744 4459983 3222148 8871091 2417735 297607 90043.89 149310.8 214801.9 128398 173512.9 204667.2 350308.8 270373.1 289388.5 524365.4 681454.7
16.1942 150.6041 2697.569 1319.902 -9999 7074.803 357014.1 62270.94 99368.36 45777.51 11894.76 12066.1 9706.494 6005.387 5833.014 12099.88 13148.39 13148.39 13148.39 25354.55 50142.08 74960.69 29076.15 21253.68 59686.49 45223.08 52800.93 -9999 -9999 -9999 -9999 -9999 -9999 -9999 -9999 9521.356 428640.5 1065905 836007.1 2391043 2275959 1006840 1349544 986144.4 600857 734368.1 769434.1 450817.5 568380.9 926536.9 552521.7 813871.9 749434.1 1627368 3522111 1.014471e+007 2107278 2287622 2739030 586850.3 49185.96 218515.6 574404.9 428294.9 139898.9 120953.2 251023 303394.2 133140 149124 303343.2
7371.809 6619.602 6616.3 6278.986 363.2205 22797.74 1414041 274152.1 43608.6 10093.25 10168.9 11436.35 5649.823 4943.411 5303.568 13067.64 13241.43 13241.43 13241.43 13241.43 13241.43 13241.43 12424.86 9558.854 7940.435 21550.68 17893.78 -9999 -9999 -9999 -9999 -9999 -9999 -9999 -9999 -9999 271718.4 972184.3 896212.3 2548532 1173524 960691.4 1090637 788584.2 759203.1 1116665 1407140 883953 1777244 1075177 1050505 546452.3 634298.1 1260048 1182985 582041.1 100840.7 128715.7 230978.6 538475 30644.38 298748.1 616538.4 880798.6 106602.5 61758.95 102967.4 203450.9 138504.3 48672.55 277931.4
