WebGL/media/main/earth_globe/male.asc
ncols         360
nrows         145
xllcorner     -180
yllcorner     -60
cellsize      0.99999999999994
NODATA_value  -9999
[rows 0 to 31 of 145, columns 213 to 283 of 360]
-9999 -9999 -9999 -9999 -9999 -9999 -9999 -9999 -9999 -9999 -9999 -9999 -9999 -9999 -9999 -9999 -9999 -9999 -9999 -9999 -9999 -9999 -9999 -9999 -9999 -9999 -9999 -9999 -9999 -9999 -9999 -9999 -9999 -9999 -9999 -9999 -9999 -9999 -9999 -9999 -9999 -9999 -9999 -9999 -9999 -9999 -9999 -9999 -9999 -9999 -9999 -9999 -9999 -9999 -9999 -9999 -9999 -9999 -9999 -9999 -9999 -9999 -9999 -9999 -9999 -9999 -9999 -9999 -9999 -9999 -9999
-9999 -9999 -9999 -9999 -9999 -9999 -9999 -9999 -9999 -9999 -9999 -9999 -9999 -9999 -9999 -9999 -9999 -9999 -9999 -9999 -9999 -9999 -9999 -9999 -9999 -9999 -9999 -9999 -9999 -9999 -9999 -9999 -9999 -9999 -9999 -9999 -9999 -9999 -9999 -9999 -9999 -9999 -9999 -9999 -9999 -9999 -9999 -9999 -9999 -9999 -9999 -9999 -9999 -9999 -9999 -9999 -9999 -9999 -9999 -9999 -9999 -9999 -9999 -9999 -9999 -9999 -9999 -9999 -9999 -9999 -9999
-9999 -9999 -9999 -9999 -9999 -9999 -9999 -9999 -9999 -9999 -9999 -9999 -9999 -9999 -9999 -9999 -9999 -9999 -9999 -9999 -9999 -9999 -9999 -9999 -9999 -9999 -9999 -9999 -9999 -9999 -9999 -9999 -9999 -9999 -9999 -9999 -9999 -9999 -9999 -9999 -9999 -9999 -9999 -9999 -9999 -9999 -9999 -9999 -9999 -9999 -9999 -9999 -9999 -9999 -9999 -9999 -9999 -9999 -9999 -9999 -9999 -9999 -9999 -9999 -9999 -9999 -9999 -9999 -9999 -9999 -9999
-9999 -9999 -9999 -9999 -9999 -9999 -9999 -9999 -9999 -9999 -9999 -9999 -9999 -9999 -9999 -9999 -9999 0.3984458 0.01220184 -9999 -9999 0.2723184 0.6659275 1.071871 1.415028 1.54667 0.6965833 0.2300972 0.3666021 0.2069631 0.2413501 3.535369 1.215384 -9999 -9999 -9999 -9999 -9999 -9999 -9999 -9999 -9999 -9999 -9999 -9999 -9999 -9999 -9999 -9999 -9999 -9999 -9999 -9999 -9999 -9999 -9999 -9999 0.3512646 0.4244697 -9999 0.1745788 2.13674 5.629029 1.935155 -9999 -9999 -9999 -9999 -9999 -9999 -9999
-9999 -9999 -9999 0.303542 -9999 -9999 -9999 -9999 -9999 -9999 -9999 0.05984863 0.392247 0.4736806 4.355494 2.275588 4.062124 2.714918 0.5384482 1.231713 1.724445 2.255457 2.42614 2.539438 3.365178 2.399051 1.772331 1.303426 1.118558 0.3127725 1.391745 0.7419695 0.1729448 -9999 -9999 -9999 -9999 -9999 -9999 -9999 -9999 -9999 -9999 -9999 -9999 1.007584 1.971588 -9999 -9999 -9999 -9999 -9999 -9999 -9999 -9999 -9999 -9999 0.0001191255 2.794408 6.691243 10.83399 6.318114 7.24385 7.521237 6.581483 1.007965 0.6612498 -9999 -9999 -9999 -9999
-9999 -9999 -9999 -9999 -9999 -9999 -9999 -9999 -9999 -9999 -9999 -9999 -9999 -9999 -9999 -9999 -9999 0.3893704 0.2492561 -9999 -9999 -9999 -9999 -9999 -9999 0.4974047 0.3575805 0.04878685 -9999 -9999 -9999 -9999 -9999 -9999 -9999 -9999 -9999 -9999 -9999 -9999 -9999 -9999 -9999 2.859163 1.202854 -9999 -9999 -9999 -9999 -9999 -9999 -9999 -9999 -9999 -9999 -9999 -9999 0.1849855 5.976907 9.9829 6.819822 15.08278 14.60802 20.6576 20.13984 6.473556 11.8059 1.054247 5.768292 10.15736 3.693455
-9999 -9999 -9999 -9999 -9999 -9999 -9999 -9999 -9999 -9999 -9999 -9999 -9999 -9999 -9999 -9999 -9999 -9999 -9999 -9999 -9999 -9999 -9999 -9999 -9999 -9999 -9999 -9999 -9999 -9999 -9999 -9999 -9999 -9999 -9999 -9999 -9999 -9999 -9999 -9999 -9999 -9999 -9999 -9999 -9999 -9999 -9999 -9999 -9999 -9999 -9999 -9999 -9999 -9999 -9999 -9999 -9999 -9999 -9999 -9999 0.2450269 -9999 0.02135392 0.3426923 5.532526 1.70561 4.044184 20.709 18.32495 17.53073 20.35808
-9999 -9999 -9999 -9999 -9999 -9999 -9999 -9999 -9999 -9999 -9999 -9999 -9999 -9999 -9999 -9999 -9999 -9999 -9999 -9999 -9999 -9999 -9999 -9999 -9999 -9999 -9999 -9999 -9999 -9999 -9999 -9999 -9999 -9999 0.00619407 -9999 -9999 -9999 -9999 -9999 -9999 -9999 -9999 -9999 -9999 -9999 -9999 -9999 -9999 0.5083311 -9999 -9999 -9999 -9999 -9999 0.7995641 2.341505 0.313478 0.2243176 0.1139666 -9999 -9999 1.495344 2.864826 -9999 -9999 0.8340985 0.5770252 5.453049 17.35985 25.67058
-9999 -9999 -9999 -9999 -9999 -9999 -9999 -9999 -9999 -9999 -9999 -9999 -9999 -9999 -9999 -9999 -9999 -9999 -9999 -9999 -9999 -9999 -9999 -9999 -9999 0.00182692 0.378061 3.250476 6.92117 3.736926 2.677713 2.749672 3.377734 13.83534 16.86671 20.34659 0.0407637 -9999 -9999 -9999 -9999 -9999 -9999 -9999 -9999 -9999 -9999 -9999 -9999 -9999 -9999 -9999 -9999 -9999 -9999 0.05741868 0.05233688 -9999 0.06592491 0.1121299 2.90809 7.934415 12.96399 8.40823 4.067561 8.478246 14.49045 19.83595 37.53267 41.96277 42.84811
-9999 -9999 -9999 -9999 -9999 -9999 -9999 -9999 -9999 -9999 -9999 -9999 -9999 -9999 -9999 -9999 -9999 -9999 -9999 -9999 -9999 -9999 0.902719 5.601045 8.786271 7.918411 7.515488 9.24122 5.937915 2.413452 5.968645 2.814682 3.409514 0.4764406 -9999 -9999 -9999 -9999 -9999 -9999 -9999 -9999 -9999 -9999 -9999 -9999 -9999 -9999 3.111884 4.057987 0.4590001 -9999 -9999 0.3693103 4.694688 12.71656 22.54211 29.23953 32.14087 37.69585 44.86755 48.08162 47.07428 45.01034 46.91035 47.63997 45.28951 45.76991 48.01584 47.95881 47.99586
-9999 -9999 -9999 -9999 -9999 -9999 -9999 -9999 -9999 -9999 -9999 -9999 -9999 -9999 -9999 -9999 -9999 -9999 -9999 -9999 -9999 1.601962 15.15219 23.66548 19.39268 22.52965 17.0272 4.724141 -9999 -9999 -9999 -9999 -9999 -9999 -9999 -9999 -9999 -9999 -9999 -9999 -9999 -9999 -9999 -9999 -9999 -9999 1.155219 -9999 -9999 1.481131 1.813094 1.895232 8.73768 25.72921 47.35977 51.53767 51.22184 50.98701 50.73174 51.14755 51.46127 51.67033 51.38408 51.2413 50.8749 50.01396 44.80249 35.13782 33.27271 43.90203 44.23814
-9999 -9999 -9999 -9999 -9999 -9999 -9999 -9999 -9999 -9999 -9999 -9999 -9999 -9999 -9999 -9999 -9999 -9999 -9999 -9999 10.69408 36.43969 43.2379 36.5392 15.42791 0.1885714 -9999 -9999 -9999 -9999 -9999 -9999 -9999 -9999 -9999 -9999 8.809919 369.1203 126.165 -9999 -9999 62.87033 41.37344 42.32805 -9999 0.1995663 1.25067 13.04339 33.0043 35.1162 35.74402 39.84239 39.44028 43.29993 46.59378 52.73183 53.15866 52.63371 52.95333 52.5595 52.72168 52.78857 53.24416 52.03861 50.30781 50.78267 50.14876 50.83928 46.5567 51.6088 49.49698
-9999 -9999 -9999 -9999 -9999 -9999 -9999 -9999 -9999 -9999 -9999 -9999 -9999 -9999 -9999 -9999 -9999 -9999 2.515729 19.76009 50.54929 52.21305 32.24717 1.798237 -9999 -9999 -9999 -9999 -9999 -9999 -9999 -9999 -9999 -9999 -9999 162.8595 975.6847 953.0952 960.4142 603.4402 -9999 137.4466 428.7693 37.47578 291.911 318.9872 63.78213 11.61874 37.75652 51.16756 55.75655 53.9557 55.89477 55.6471 54.79412 53.77461 55.2468 54.12 53.64717 55.06651 54.70468 55.05478 53.05225 51.93644 50.47526 49.69759 43.60898 51.78139 53.02655 51.40538 50.8155
-9999 -9999 -9999 -9999 -9999 -9999 -9999 -9999 -9999 -9999 -9999 -9999 -9999 -9999 -9999 -9999 -9999 -9999 13.37461 34.69064 42.94202 54.53425 42.68346 5.498348 -9999 -9999 -9999 -9999 -9999 -9999 -9999 -9999 -9999 48.58779 446.6066 935.625 1179.703 1167.844 1078.581 292.6363 586.2051 1137.084 510.6827 629.7756 746.4464 937.0914 756.1309 148.2855 43.11604 30.30619 41.87831 58.34702 57.94298 58.36349 59.23355 55.68977 55.87606 56.60102 55.28778 55.37563 54.88419 52.77462 49.97513 51.65646 52.98294 52.62048 56.02657 58.66409 57.81018 57.57174 60.7785
-9999 -9999 -9999 -9999 -9999 -9999 -9999 -9999 -9999 -9999 -9999 -9999 -9999 -9999 -9999 -9999 -9999 -9999 -9999 7.508921e-005 4.658295 16.80176 20.71143 20.28435 6.430781 26.76669 48.03493 1.749354 -9999 -9999 -9999 -9999 -9999 75.2694 854.8493 1127.671 1234.766 1083.832 1082.657 687.5715 86.22763 1087.72 1142.888 1140.496 1122.974 1071.554 966.5269 504.6102 57.58626 44.49184 43.44379 61.08623 58.7888 57.82716 56.66465 57.10284 59.45353 61.73114 62.29407 62.3161 61.13229 59.88896 59.9839 60.48996 61.68669 61.48188 62.45903 64.42479 64.34885 64.5807 63.75272
40851.29 690.3752 477.3275 97.58867 -9999 -9999 -9999 -9999 -9999 -9999 -9999 -9999 -9999 -9999 -9999 58.41586 80.27642 8.135399 -9999 -9999 -9999 -9999 -9999 -9999 -9999 3.838888 37.97499 89.24191 146.1577 134.6844 116.7758 127.7472 203.0421 94.27605 544.1117 1047.173 1134.778 1045.491 1083.329 634.4686 292.9402 1136.126 974.8431 1063.535 1218.845 1251.141 771.4697 443.281 424.0048 153.7837 58.71627 58.12142 55.51043 59.99675 28308.13 31637.46 59.32814 62.0742 65.12696 66.99512 66.85523 66.07012 57.5602 49.96806 43.18478 39.82218 37.12776 42.93749 46.05379 51.92608 54.42571
106194.2 1144.71 934.7904 442.8304 261.225 138.1249 406.2814 -9999 -9999 -9999 17.31154 90.01366 94.29589 23.25374 -9999 36.64215 30.67778 48.79742 87.05238 95.69499 107.5646 45.3674 103.3602 110.7628 110.4569 154.2571 89.9325 135.8646 183.2458 194.0958 228.269 1949.396 1912.394 1264.793 848.0521 514.186 1097.733 1141.547 1149.919 1161.805 260.4423 511.8622 1186.743 1148.055 523.5547 1304.102 1323.135 1239.941 1312.08 852.9473 72.2438 67.48779 62.33171 62.93768 1873.364 60.09736 60.62868 60.16693 64.38675 63.75896 54.58206 43.31689 34.07775 33.92043 33.97029 33.24932 33.89669 33.83348 33.47383 31.24119 32.71403
27333.69 7034.52 422.1584 404.4159 394.8622 404.2818 664.6869 481.2123 48.19511 -9999 12.87543 169.9778 84.88541 24.94995 24.4997 142.2418 187.735 195.6553 188.6999 1186.153 6810.424 201.3148 202.8877 196.812 191.1903 190.5315 192.7187 199.3166 477.5694 2471.243 5758.578 7601.945 5642.059 1746.057 1354.354 1302.451 1265.278 1235.903 1158.519 756.3542 89.33825 891.077 1369.917 1342.22 979.1403 1213.684 1298.671 1253.529 1345.291 444.1778 123.9945 101.1666 130.7745 124.213 88.78089 98.64095 101.6935 100.7309 54.20308 33.94906 34.90793 35.12734 34.90977 35.58919 35.57126 35.65878 35.48879 34.75891 33.52965 32.88335 34.28882
873.1635 339.6028 342.9135 415.5835 486.4661 501.2798 440.6158 236.517 96.25587 224.2861 146.8994 241.8539 242.2307 181.0654 195.2506 249.6008 300.1151 396.7413 504.2583 499.2985 1067.429 2727.908 2745.263 2700.174 2772.141 2637.04 2020.931 2007.644 2071.09 4877.449 5106.936 3095.602 1462.253 1230.087 1284.656 1270.714 1150.771 1040.925 748.0594 679.8707 1262.87 1479.695 1432.164 1429.22 1326.275 1423.648 1481.153 1390.553 1287.222 1353.395 411.3289 150.6448 148.8735 141.4123 144.1993 152.5838 102.4619 54.56355 36.97815 37.11077 35.94697 36.11262 36.66407 36.9002 37.18026 37.1754 37.16218 36.98769 36.33815 36.732 36.72361
2500.914 2344.959 100.5042 79.48286 155.1659 -9999 230.4401 1803.641 1379.323 822.7477 715.8604 562.7343 537.8231 526.2847 492.7428 534.591 571.8336 584.0385 584.6018 628.1421 1750.298 2043.878 3153.897 3319.521 3292.634 3467.079 2567.623 2294.065 3724.742 3284.671 1563.548 1357.224 1017.681 1511.462 1524.099 1527.263 1520.292 1552.187 1529.676 1449.779 1515.842 1535.848 1509.373 1475.792 1362.624 1491.348 1499.723 1506.62 1353.129 1451.59 1399.367 579.4335 164.8935 164.1782 154.4915 152.4111 61.42073 38.48034 37.97815 38.38218 38.29578 38.60347 38.5803 38.70577 38.73592 38.69315 38.65546 38.54139 38.41436 38.80044 38.54625
3660.128 3423.591 989.2656 506.4824 1464.197 3415.051 63417.9 145608.5 2511.092 2235.795 1794.37 1493.706 854.9467 695.7995 733.2674 709.525 821.7762 955.2272 1438.204 7342.061 5514.983 3656.368 4518.05 3072.161 2385.44 2381.269 3480.855 5947.823 5936.934 5406.046 3382.563 3386.085 3003.01 3620.868 2059.867 2710.113 3406.508 2364.262 1543.237 1536.666 1481.682 1391.985 1495.681 1480.501 1499.901 1378.784 1452.119 1525.695 1558.94 1627.161 1649.685 1565.709 1256.095 167.7324 163.1388 173.8783 146.8307 111.911 83.37334 41.11971 39.81201 40.01495 40.07812 40.1427 40.00153 39.93838 39.87627 39.89464 40.03871 40.10844 40.17911
4920.1 6137.097 5458.82 3258.301 2511.891 2877.221 3191.378 4269.527 4052.797 2829.718 2130.839 1840.898 1688.688 1573.909 1193.201 1136.706 1181.588 1707.481 1902.76 7690.84 15949.46 8043.052 4632.462 1739.918 1115.98 1071.563 4131.603 6269.891 5981.755 6208.812 6164.79 5668.983 5155.822 6048.368 6128.027 6065.417 6002.707 5293.248 3325.493 2914.742 2550.783 1955.482 1879.833 1525.465 1386.596 1340.875 1603.433 1925.499 1738.313 1666.982 1684.98 1699.514 849.2873 176.5397 168.2557 179.9702 179.5836 180.1163 158.489 48.62265 41.79272 41.81977 41.52157 41.16244 41.28795 41.47165 41.63028 41.69921 41.74915 41.69466 41.50841
9664.679 7693.07 3322.501 3323.478 3483.997 3613.302 3871.138 10326.37 6752.789 2664.131 2514.904 2030.564 1720.696 1846.526 1735.145 2056.889 6501.793 4694.97 2087.419 2071.469 5526.718 6798.032 1571.028 719.5054 723.6287 723.2472 3796.311 6472.18 6448.692 6493.815 6486.851 6300.899 5840.511 5955.091 6373.019 6383.227 5760.61 5232.93 4755.908 4392.425 4942.635 4900.769 5328.919 5225.962 4319.379 3811.335 4586.74 5930.317 5591.076 5038.695 3952.81 2160.327 359.0302 185.7939 186.459 181.1588 183.3199 138.6872 62.20701 43.05563 43.23358 43.20608 43.26245 43.26433 43.22185 43.23451 43.25084 43.15125 43.12947 43.21774 43.28685
7384.074 97317.81 2679.422 3056.007 3956 3735.213 4929.708 7257.166 9856.639 8184.82 5747.564 4840.72 4996.344 30554.29 19161.97 3629.261 6528.55 95382.27 4248.5 2189.198 2271.755 2160.169 2129.438 1617.155 1558.242 1674.86 2492.205 3592.935 4124.392 5679.943 6711.879 6707.122 6641.13 6633.607 5715.065 6251.421 5954.029 6187.003 5379.873 5688.164 5389.112 5847.098 6056.577 6159.887 6547.416 6594.729 5835.724 6332.027 6368.978 6334.012 6337.195 5910.327 2703.668 322.359 311.6111 286.7907 183.3905 160.7791 46.52745 100.5832 104.7607 97.15102 52.30745 44.34335 44.47002 44.5166 44.50539 44.4412 44.61501 44.66764 44.69279
17760.3 12876.89 6187.489 5077.042 4172.383 5615.122 6729.809 6938.153 6412.649 7228.521 5461.884 4269.941 10785.5 12546.71 7966.059 5228.061 3747.883 2679.14 2477.524 6405.715 6903.361 6898.39 3328.723 2780.403 2877.202 2941.442 14585.31 9800.913 4521.78 1716.445 5737.522 6568.226 5991.137 6421.56 6430.18 6161.193 5655.104 6844.495 6753.549 6767.121 6743.883 6851.317 6812.763 6025.732 16743.97 1874.399 2370.215 2231.134 2840.014 2253.946 805.813 956.7901 542.3526 545.4341 544.8471 543.4257 501.6322 456.4833 421.342 485.6894 502.6604 500.1443 142.8226 46.08572 45.86503 46.0021 139.5549 46.53762 45.9405 45.94656 46.12467
16910.66 17315.61 10478.68 8017.02 107199.5 26295.2 118629.8 21642.19 10494.91 6345.005 4271.508 4998.68 6176.463 6180.102 5229.639 6792.453 9418.704 4505.193 5894.542 8864.18 7126.193 7585.043 7298.017 90833.86 13128.98 14093.28 11094.51 43160.98 17210.88 1205.581 1326.168 4721.813 6217.524 6371.176 5523.329 3865.881 1401.218 1667.07 2613.082 5415.975 7085.976 7111.289 6452.68 2801.937 609.4131 609.0014 572.8391 532.0447 562.5571 668.5253 1569.686 947.1346 850.6215 855.2328 737.7179 620.6553 561.8751 553.0063 534.6522 519.7949 516.9174 906.7891 1235.06 1109.203 1323.693 1544.988 1824.826 1234.633 1041.381 609.2825 145.282
23810.81 20372.35 12814.98 12019.71 12101.27 8876.026 20613.27 17028.71 21902.47 13049.48 7213.672 11836.54 18263.09 7886.816 8126.499 22929.56 199901.6 47156.91 14799.2 50941.73 16284.82 22120.76 45583.57 71432.89 45005.93 23936.17 64711.78 29949.07 12698.24 7696.143 4995.647 3267.459 10032.41 5201.15 3437.205 40294 1896.807 2359.317 1473.523 1033.775 2319.128 4227.404 2288.583 582.2918 615.3865 648.9471 673.8303 899.467 2786.242 4550.802 5340.53 1185.012 974.2087 1592.442 1388.505 664.4081 579.1244 580.1357 575.89 29127.37 2484.226 1921.08 1967.338 2002.122 2004.197 1889.701 1596.096 1446.004 1354.47 16650.75 1100.662
21674.96 50951.59 31344.23 19447.35 32577.91 94181.81 243840.1 178007.7 105765.2 55293.37 12367.47 15369.43 20667.02 24622.29 17385.8 22295.31 21844.58 12538.65 12959.77 24751.54 49695.73 34033.4 169950.8 204552.5 34151.23 42971.37 129907.3 86850.05 79973.83 32315.99 26072.3 15716.52 245894.6 13626.42 7083.31 3985.268 3819.476 4005.178 3601.199 3118.247 5618.278 6854.455 4807.31 1135.578 1003.209 1004.252 1734.347 1470.125 2599.106 3286.157 5359.073 8022.23 11505 3229.442 2190.451 1440.267 1848.754 1844.926 2224.809 4081.995 4792.963 3052.342 3270.295 3644.645 3743.996 5387.845 3063.727 2346.907 1170.001 15877.08 4271.271
11502.24 36691.36 156293.4 116792.2 284790.1 193140.9 66851.3 213369.3 160796.9 55661.7 533713.9 157386.9 24461.39 32909.63 320714.2 72322.13 49608.2 48067 42805.93 62791.79 294898.8 102954.8 33663.46 30516.19 34072.03 24592.83 59407.68 571440 116688.6 50316.42 46536.73 16019.44 27119.62 38368.11 15030.35 14030.78 35862.84 9889.755 6272.806 5524.271 6941.145 10716.57 7401.609 4310.477 4308.077 2324.951 2401.124 1959.996 2167.931 3012.816 10600.4 130742.8 150861.7 31973.06 15361.51 13296.87 13086.65 62431.16 8162.431 177725 110356.6 36155.79 45188.89 10124.69 9180.858 5689.507 3285.39 3829.768 87055.05 3906.301 5613.033
33070.02 35479.52 49859.71 253756.8 4943221 608816.3 127948.2 58569.55 50946.28 100362.1 93559.04 51538.71 39536.47 65418.74 107257.6 166545.8 369589.6 55328.3 148538.6 244585.5 43295.98 53081.66 52387.32 29987.64 30359.44 33997.32 73221.26 101032.8 445249.3 21649.92 18127.45 23148.61 133260.2 12554.11 10701.1 18869.21 40124.84 10673.59 16279.38 20139.98 167736.1 18952.37 14450.18 11316.47 14719.74 17120.02 7347.416 5508.896 9805.908 225307.5 83036.91 51391.14 75145.53 169180.6 8999.799 11598.38 29908.23 17625.74 7101.325 131477.5 20336.45 18336.02 6543.736 8455.772 6833.85 4854.299 3357.269 4237.62 4167.72 4222.915 2569.931
42086.56 30928.18 47474.2 176914.8 335122.4 148829.3 238815.7 33991.12 45559.52 33873.64 69508.41 50808.69 166229.2 50673.18 44367.32 268170.5 73228.23 47089.73 51282.13 103234.1 119012.9 70058.09 162672.4 308240.2 33963.82 46058.68 68783.63 52893.72 110671.9 16324.47 12018.35 15612.48 10583.49 8740.231 10538.04 31969.4 31720.81 11171.34 22260.95 26359.96 294012 26958.97 13782.44 9298.279 11881.61 12346.71 10568.28 11212.67 16028.68 155064.5 244338.2 19253.48 45975.94 122503.2 11559.64 14154.79 11254.36 10075.86 9736.533 5493.181 5244.069 4835.484 4068.104 3586.79 4136.768 3657.2 3657.985 20074.49 7331.99 17621.54 1845.258
47441.62 223805.8 34250.52 66958.42 72562.39 106535.4 55903.68 44034.64 43551.86 33441.67 44045.79 119460.4 174345.6 69211.06 36216.95 102924.5 388602.6 422145.2 55902.96 49732.66 27302.94 31821.98 170935.9 67424.32 19086.24 81363.16 107757.8 25312 14526.49 21546.31 85577.2 22528.43 8895.878 8127.726 10931.63 17649.85 38981 18377.93 5720.258 4338.22 6536.87 10123.47 6417.637 7582.583 12784.04 21134.22 16256.51 12668.46 28962.66 22607.89 284073.9 36196.96 15101.71 109604.5 225854.4 27029.86 13099.52 13027.33 138236.1 7890.259 4226.923 4065.508 2973.573 1921.382 1985.94 3012.137 3577.094 5185.612 7165.526 22614.61 32885.67
