WebGL/media/main/earth_globe/male.asc
ncols         360
nrows         145
xllcorner     -180
yllcorner     -60
cellsize      0.99999999999994
NODATA_value  -9999
[rows 64 to 95 of 145, columns 142 to 212 of 360]
-9999 -9999 -9999 -9999 -9999 -9999 -9999 -9999 -9999 -9999 -9999 -9999 -9999 -9999 -9999 -9999 -9999 -9999 -9999 -9999 28859.88 224.9697 1166.444 1563.81 7175.671 1842.073 187.2004 184.5679 191.6466 198.7231 228.8836 264.6503 354.5625 257.6641 243.3555 243.3797 252.9769 409.9612 511.2399 922.6128 683.6179 294.1942 465.47 663.7601 1336.583 4296.15 529.2877 529.0445 525.0931 187.1845 187.1845 187.1845 187.1845 273.985 579.621 407.8854 339.4464 339.7599 551.5223 1013.986 657.3184 459.9801 459.5833 1539.272 1534.327 1528.745 1525.654 1524.414 1509.192 1521.274 5856.921
-9999 -9999 -9999 -9999 -9999 -9999 -9999 -9999 -9999 -9999 -9999 -9999 -9999 -9999 -9999 -9999 -9999 -9999 -9999 -9999 -9999 556.8192 1444.168 1528.823 2164.787 826.3604 1847.294 175.3102 159.2482 168.2363 261.7979 264.1524 355.7697 331.8376 244.9064 487.1794 824.1114 296.8023 1260.996 2351.118 1253.811 404.33 693.5914 1356.821 4808.615 5101.254 651.3519 532.416 529.0998 188.3774 188.3774 188.3774 188.3774 309.0245 550.4736 348.4506 341.6096 746.9318 1165.034 1165.717 1165.717 1000.546 2886.587 2886.696 2886.696 5292.075 7680.322 7639.988 29058.24 8946.938 10371.17
-9999 -9999 -9999 -9999 -9999 -9999 -9999 -9999 -9999 -9999 -9999 -9999 -9999 -9999 -9999 -9999 -9999 -9999 -9999 -9999 -9999 45968.5 161980.3 3014.256 3569.211 5453.882 4374.21 592.4043 128.7831 198.1746 265.7447 265.7447 345.2994 822.9904 448.1693 566.2518 1708.034 3696.383 2796.473 6303.973 1999.31 407.7058 1719.377 2153.742 5078.318 4653.504 976.4532 597.1505 1105.555 189.5129 189.5129 189.5129 189.5129 354.1536 795.7147 852.3433 853.9519 1572.431 1198.495 1172.744 1172.744 1172.744 2903.885 2904.097 2904.097 4172.082 5444.183 5418.131 5861.667 19260.4 27255.03
-9999 -9999 -9999 -9999 -9999 -9999 -9999 -9999 -9999 -9999 -9999 -9999 11603.66 2131.546 -9999 -9999 -9999 -9999 -9999 -9999 -9999 2887.407 23802.09 9346.057 14515.66 15059.02 7950.18 3845.749 1859.588 1149.118 268.7231 267.256 375.1721 431.435 1639.786 1792.661 7623.906 6330.484 4776.1 3813.251 615.4096 767.1092 1816.576 2155.865 2642.158 10771.93 20037.53 13288.66 9300.17 454.2543 878.0952 1069.404 1076.359 955.4653 966.8108 966.887 1914.361 3728.865 2465.796 1179.413 1218.584 1261.463 2920.409 2920.613 2920.613 3323.69 3719.627 5614.035 10205.39 14074.97 33378.96
-9999 -9999 -9999 -9999 -9999 -9999 -9999 -9999 -9999 -9999 -9999 -9999 8077.093 22648.86 -9999 13853.25 -9999 -9999 -9999 -9999 -9999 51951.85 84880 66266.6 57625.51 38331.2 28978.13 18869.75 15586.68 13090.56 20270.49 3510.033 4873.734 7961.489 67889.47 19130.86 9398.234 43544.32 13394.76 4163.084 1668.622 1185.822 3364.765 9932.575 10197.37 3330.464 5014.571 2199.799 1444.946 1387.158 1095.211 1095.211 1288.153 3009.983 2004.418 1016.763 2912.429 3823.719 2481.751 1185.724 10984.99 14134.9 4480.317 2936.239 3086.189 7303.913 7871.736 10727.13 11885.77 122429 318987.3
-9999 -9999 -9999 -9999 -9999 -9999 -9999 -9999 -9999 -9999 -9999 -9999 -9999 935.8623 75535.57 190.2317 -9999 -9999 -9999 -9999 925.9612 217564.3 86722.56 39903.48 84494.05 71074.31 35709.6 43665.73 58076.23 30149.28 28008.05 19243.13 17284.48 37547.14 53418.4 16186.94 11843.92 8401.579 25923.77 16570.34 11256.06 15561.46 28026.6 47514.88 30362.22 11595.42 23518.71 23747.1 1394.714 1393.666 1100.706 1148.268 3384.499 4104.336 4453.129 4937.547 5856.544 8643.812 11784.03 17038.82 19209.93 13356.47 5385.088 2950.971 2957.981 10674.32 10942.03 12477.96 15447.44 20129.7 998735.6
-9999 -9999 -9999 -9999 -9999 -9999 -9999 -9999 -9999 -9999 -9999 -9999 -9999 11467.05 6465.012 -9999 -9999 -9999 -9999 -9999 821413.9 617363.8 300674.1 52930.84 38861.86 53784.38 88597.38 48818.92 49649.3 19736.16 24745.42 34174.23 71946.74 102949.1 125474.8 57895.69 53538.57 79135.45 79529.37 89583.9 51218.17 51981.66 95301.45 212461 162355 112385.2 75141.7 79212.01 20141.53 9295.968 13329.93 16641.76 12515.92 22481.07 6765.21 6359.512 9524.829 12917.11 26356.23 34968.69 41075.1 31955.07 15063.44 39544.26 22486.54 13023.03 11243.4 20240.32 30469.22 62508.6 283386.9
-9999 -9999 -9999 -9999 -9999 -9999 -9999 -9999 -9999 -9999 -9999 -9999 -9999 -9999 -9999 -9999 -9999 -9999 -9999 -9999 -9999 389049.2 228471.8 135619.9 74518.07 37187.49 28908.85 28617.61 43219.54 40596.48 89295.61 147585.9 134865.1 131123.4 105259.6 172160.5 174102.8 135798.4 97890.84 105332.5 396573 144539.1 159923.4 538824.2 253728.8 396933.8 399781.3 188113.7 73240.31 57403.97 66317.58 98549.17 45716.63 83113.08 35010.97 18844.6 10383.72 14330.68 38698.23 68040.58 122132.9 129990.7 155487.9 95370.59 25950.79 34886.43 48131.36 78257.37 105974.8 83089.98 255832.7
-9999 -9999 -9999 -9999 -9999 -9999 -9999 -9999 -9999 -9999 -9999 -9999 -9999 -9999 -9999 -9999 -9999 -9999 -9999 -9999 -9999 123183.6 163763 129428.2 70779.46 43569.98 32282.69 24103.99 34371.17 300156.1 551872.8 111801.6 174762.2 127509.5 124574 208055.5 848899.5 210027.3 82433.55 53434.24 88690.99 181866.9 395145.1 331923.8 425977.4 716307.5 1309784 470470.6 420703.8 132589.8 127514.9 168729.8 259867.4 264877.4 35784 29480.36 34309.75 22556.48 16161.73 43123.77 79184.12 65809.85 151269.4 123255.7 37307.37 53131.6 52586.81 58331.32 95760.24 68583.02 87880.55
-9999 -9999 -9999 -9999 -9999 -9999 -9999 -9999 -9999 -9999 -9999 -9999 -9999 -9999 -9999 -9999 -9999 -9999 -9999 -9999 -9999 8153.565 176672 43677.11 55937.4 190696.5 57306.05 40027.08 103660.2 99006.58 76851.66 93654.26 147765.2 293408 143878.5 110403.3 115967.9 224200 112412.3 67902.51 82090.74 140731.6 261926.4 246538 218067.6 843877.2 1653771 579494.1 476635.8 247839.8 124316.2 390625.8 191751.8 60322.68 22337.01 22955.03 27833.71 14504.34 16638.65 16432 32560.91 80872.45 201965.7 142572.3 92481.01 48788.89 36025.66 36259.73 39692.13 32455.74 33619.86
-9999 -9999 -9999 -9999 -9999 -9999 -9999 -9999 -9999 -9999 -9999 -9999 -9999 -9999 -9999 -9999 -9999 -9999 -9999 -9999 -9999 -9999 1052.683 93754.93 105003.6 126424.9 64246.93 50717.57 106287.5 43671.17 38193.34 101680.7 132896.5 123636.9 98487.48 132199.5 107280.3 258614.5 195062.5 120225.9 83068.89 75817.84 109020.5 150080.8 155274.1 597502.3 344084.6 235271.6 241405.6 440923.7 209217.9 442549.1 332593.4 113731 40599.7 27828.57 14682.9 14777 15671.37 4758.624 5947.42 56894.39 109766.2 47267.58 69745.16 40990.21 25171.18 21039.08 20185.97 23165.75 34752.49
-9999 -9999 -9999 -9999 -9999 -9999 -9999 -9999 -9999 -9999 -9999 -9999 -9999 -9999 -9999 -9999 -9999 -9999 -9999 -9999 -9999 -9999 -9999 22.75977 490110.2 139253 70093.88 76773.69 55620.08 34680.32 47089.77 80739.38 199423.1 41745.13 43654.02 81851.75 48895.75 201059.2 128490.5 217300.4 139018.6 85996.59 83972.21 216675.3 312491 571617.9 695931.3 392924.9 137669.9 338531.6 370191.3 247456.1 136282.3 172204.9 92145.77 68579.91 39744.01 24222.89 4545.419 4188.333 3889.323 21040.74 34874.16 3148.043 55101.88 85084.78 60466 56454.13 35744.78 81614.77 27153.09
-9999 -9999 -9999 -9999 -9999 -9999 -9999 -9999 -9999 -9999 -9999 -9999 -9999 -9999 -9999 -9999 -9999 -9999 -9999 -9999 -9999 -9999 -9999 -9999 349028.7 197467.6 176506.1 241127.8 84398.23 74420.44 57203.91 76402.17 95678.07 56344.57 50124.55 92571.07 59259.63 99159.88 149453.7 128079.6 129867.1 344152.3 672250.8 289170.9 216297.9 452666.4 302009 217776.2 126376.1 192636.4 124193 84660.47 40209.21 116012.7 142123.4 108425.7 49149.65 4065.37 3147.548 3316.978 1711.78 8249.029 8570.873 3156.758 25449.28 65714.92 89388.79 55870.86 50998.24 51572.35 59041.1
-9999 -9999 -9999 -9999 -9999 -9999 -9999 -9999 -9999 -9999 -9999 -9999 -9999 -9999 -9999 -9999 -9999 -9999 -9999 -9999 -9999 -9999 -9999 -9999 148.4812 57499.39 280220.3 72401.73 82237.76 236689.5 268039.6 222402.3 237255.5 200929.2 142974.7 303392.4 263394.6 89620.14 234530.8 244571.9 298555.9 1207290 1571091 1352840 573113.8 442223.8 467989.6 338494.9 114020.8 54708.87 27847.73 58014.13 42423.32 59433.53 64105.75 29262.88 23510.18 11791.56 2052.035 8499.887 4726.556 864.8107 329.4067 1993.179 9840.391 32935.63 44776.04 77073.3 41128.12 44008.85 48086.17
-9999 -9999 -9999 -9999 -9999 -9999 -9999 -9999 -9999 -9999 -9999 -9999 -9999 -9999 -9999 -9999 -9999 -9999 -9999 -9999 -9999 -9999 -9999 -9999 -9999 -9999 17683.27 455948.3 83031.84 127206.7 236101.2 379935.1 385529.4 192913.2 235735.1 314169 1078435 429063.1 380943.8 976836.9 1011209 4107390 458242.1 657834.1 1309949 1505033 624798.4 286667.4 273561.4 102418 35622.5 46668.79 38191.74 55202.27 35549.57 46700.47 19869.8 28619.77 5202.168 14339.95 6314.37 1025.576 1170.773 211.618 11916.24 14108.02 27983.67 57035.82 64319.6 48170.23 35883.02
-9999 -9999 -9999 -9999 -9999 -9999 -9999 -9999 -9999 -9999 -9999 -9999 -9999 -9999 -9999 -9999 -9999 -9999 -9999 -9999 -9999 -9999 -9999 -9999 -9999 -9999 -9999 11016.07 37863.57 40959.17 71387.27 314288.2 225041.5 970665.3 602642.1 224715.2 482386.3 1575336 150136.2 1159.478 -9999 -9999 6321.302 721704.3 1371867 2815746 375046.4 146618.7 444462.1 47897 18616.2 38466.77 31229.22 31144.38 26262.45 19227.93 10812.03 29389.8 49484.68 26289.71 4967.126 4486.722 3429.067 10339.87 7994.029 20748.42 43723.2 27223.76 32982.51 61048.21 36118.59
-9999 -9999 -9999 -9999 -9999 -9999 -9999 -9999 -9999 -9999 -9999 -9999 -9999 -9999 -9999 -9999 -9999 -9999 -9999 -9999 -9999 -9999 -9999 -9999 -9999 -9999 -9999 -9999 252.7039 14022.43 92111.1 99969.55 131.8005 -9999 -9999 25590.83 136343 -9999 -9999 -9999 -9999 -9999 -9999 135134.5 805344.8 1568450 467581.4 780298.4 65599.78 101678 35124.56 30672.41 36147.22 60207.95 32143.31 27900.86 292735.7 68947.2 67681.11 60149.7 43584.54 15798.94 15233.88 8892.288 7410.417 17450.09 37783.43 35478.8 88211.21 101967.4 75284.42
-9999 -9999 -9999 -9999 -9999 -9999 -9999 -9999 -9999 -9999 -9999 -9999 -9999 -9999 -9999 -9999 -9999 -9999 -9999 -9999 -9999 -9999 -9999 -9999 -9999 -9999 -9999 -9999 -9999 -9999 -9999 -9999 -9999 -9999 -9999 -9999 -9999 -9999 -9999 -9999 -9999 -9999 -9999 -9999 -9999 -9999 96534.25 399510.9 71912.46 887740.1 36217.14 19038.96 20392.32 24035.06 22496.21 28050.88 60355.02 176304.7 95929.73 63250.93 44953.49 20456.37 21202.38 24280.18 30280.79 34973.37 21714.58 56838.5 292680.6 303513.9 121542.1
-9999 -9999 -9999 -9999 -9999 -9999 -9999 -9999 -9999 -9999 -9999 -9999 -9999 -9999 -9999 -9999 -9999 -9999 -9999 -9999 -9999 -9999 -9999 -9999 -9999 -9999 -9999 -9999 -9999 -9999 -9999 -9999 -9999 -9999 -9999 -9999 -9999 -9999 -9999 -9999 -9999 -9999 -9999 -9999 -9999 -9999 -9999 16971.49 72236.87 71153.27 32123.95 24114.53 13962.29 12667.74 9695.352 11553.79 89611.01 107855.2 99587.24 99248.98 94426.99 38728.32 29358.16 35538.13 34698.98 71543.68 56354.01 73446.21 505913 199769.4 358438.1
-9999 -9999 -9999 -9999 -9999 -9999 -9999 -9999 -9999 -9999 -9999 -9999 -9999 -9999 -9999 -9999 -9999 -9999 -9999 -9999 -9999 -9999 -9999 -9999 -9999 -9999 -9999 -9999 -9999 -9999 -9999 -9999 -9999 -9999 -9999 -9999 -9999 -9999 -9999 -9999 -9999 -9999 -9999 -9999 -9999 1932.579 -9999 75272.76 89498.4 70877.8 12605.66 5812.804 6503.659 6101.748 7292.963 11759.78 31127.54 49726.38 56489.08 69339.21 33038.02 29686.2 35625.56 27712.65 16121.2 35976.96 28409.31 122052.6 320828.7 238186.2 190030.3
-9999 -9999 -9999 -9999 -9999 -9999 -9999 -9999 -9999 -9999 -9999 -9999 -9999 -9999 -9999 -9999 -9999 -9999 -9999 -9999 -9999 -9999 -9999 -9999 -9999 -9999 -9999 -9999 -9999 -9999 -9999 -9999 -9999 -9999 -9999 -9999 -9999 -9999 -9999 -9999 -9999 -9999 -9999 -9999 44341.3 -9999 -9999 206769.7 7290.595 8201.146 6305.721 6706.682 10466.73 8340.333 7257.688 12771.92 46691.26 45303.11 36941.75 37720.05 36085.93 44109.23 86242.97 175563 13711.69 16476.34 153127.1 630031.3 462874.8 331337.9 1123430
-9999 -9999 -9999 -9999 -9999 -9999 -9999 -9999 -9999 -9999 -9999 -9999 -9999 -9999 -9999 -9999 -9999 -9999 -9999 -9999 -9999 -9999 -9999 -9999 -9999 -9999 -9999 -9999 -9999 -9999 -9999 -9999 -9999 -9999 -9999 -9999 -9999 -9999 -9999 -9999 -9999 -9999 -9999 -9999 13.4957 -9999 3364.092 54429.75 13670.05 6362.722 8964.694 8962.571 12046.72 11318.37 11230.29 21366.53 111319 38035.76 38765.16 40022.14 31423.08 34055.07 26868.63 19114.21 27287.77 25264 110742.5 321082.2 525615.9 390179.6 24240.01
-9999 -9999 -9999 -9999 -9999 -9999 -9999 -9999 -9999 -9999 -9999 -9999 -9999 -9999 -9999 -9999 -9999 -9999 -9999 -9999 -9999 -9999 -9999 -9999 -9999 -9999 -9999 -9999 -9999 -9999 -9999 -9999 -9999 -9999 -9999 -9999 -9999 -9999 -9999 -9999 -9999 -9999 -9999 1536.259 -9999 -9999 287.9214 14473.6 8574.26 11597.01 16316.52 75692.95 11734.19 12026.14 23269.4 50130.96 43389.46 30278.14 8596.922 13152.26 26006.96 25354.4 22628.47 19907.62 30074.31 41049.92 285103.5 1173774 922532.9 293828.6 16322.49
-9999 -9999 -9999 -9999 -9999 -9999 -9999 -9999 -9999 -9999 -9999 -9999 -9999 -9999 -9999 -9999 -9999 -9999 -9999 -9999 -9999 -9999 -9999 -9999 -9999 -9999 -9999 -9999 -9999 -9999 -9999 -9999 -9999 -9999 -9999 -9999 -9999 -9999 -9999 -9999 -9999 -9999 -9999 -9999 -9999 -9999 -9999 1315.539 9848.734 18178.88 21675.5 22443.3 14916.15 12107.17 64042.26 31170.41 34669.17 28735.73 19561.89 12444.9 1154.208 276.8261 2192.724 58875.27 38781.68 40185.04 660330.3 1163804 747930.8 162932.1 441913.7
-9999 -9999 -9999 -9999 -9999 1005 -9999 -9999 -9999 -9999 -9999 -9999 -9999 -9999 -9999 -9999 -9999 -9999 -9999 -9999 -9999 -9999 -9999 -9999 -9999 -9999 -9999 -9999 -9999 -9999 -9999 -9999 -9999 -9999 -9999 -9999 -9999 -9999 -9999 -9999 -9999 -9999 -9999 -9999 -9999 -9999 -9999 -9999 1233.194 12960.33 29638.68 25872.78 20474.46 12287.92 23294.52 74368.3 34948 30960.77 19442.15 17222.3 1393.511 -9999 3161.703 37135.6 76499.07 53830.65 169662.8 1079498 420034.3 112215.7 278272.2
84513.54 1025.424 -9999 -9999 -9999 -9999 -9999 -9999 -9999 -9999 -9999 -9999 -9999 -9999 -9999 -9999 -9999 -9999 -9999 -9999 -9999 -9999 -9999 -9999 -9999 -9999 -9999 -9999 -9999 -9999 -9999 -9999 -9999 -9999 -9999 -9999 -9999 -9999 -9999 -9999 -9999 -9999 -9999 -9999 -9999 -9999 -9999 -9999 -9999 200959.6 48003.98 93376.86 51506.48 2036557 69667.48 79244.48 174585.8 150721.6 78492.38 94149.88 81005.04 19329.04 2958.162 30858.31 97573.95 62148.53 96423.52 306823 160769.7 33002.73 155775.8
148752.7 83868.04 485285.6 -9999 -9999 -9999 -9999 -9999 -9999 -9999 -9999 -9999 -9999 -9999 -9999 -9999 -9999 -9999 -9999 -9999 -9999 -9999 -9999 -9999 -9999 -9999 -9999 -9999 -9999 -9999 -9999 -9999 -9999 -9999 -9999 -9999 -9999 -9999 -9999 -9999 -9999 -9999 -9999 -9999 -9999 -9999 -9999 -9999 -9999 2.402346 189617.5 247941.8 137978.2 121953.3 77052.5 94775.7 225918.2 133080 117034.4 144237.4 380106.9 102861.8 67739.57 66376.32 92881.76 63838.33 51568.43 37736.88 39542.48 43491.27 103253.8
124179.7 119964.7 285087.6 17430.46 -9999 -9999 -9999 -9999 -9999 -9999 -9999 -9999 -9999 -9999 -9999 -9999 -9999 -9999 -9999 -9999 -9999 -9999 -9999 -9999 -9999 -9999 -9999 -9999 -9999 -9999 -9999 -9999 -9999 -9999 -9999 -9999 -9999 -9999 -9999 -9999 -9999 -9999 -9999 -9999 -9999 -9999 -9999 -9999 -9999 -9999 40553.89 18279.76 53466.95 59988.8 64077.84 60910.57 51104.44 96732.89 202566.7 188669.6 215974.2 1043376 185935.2 104403.7 49781.1 43838.15 57567.44 31601.99 38049.24 49713.31 7411.827
158392.8 108805.4 598934.4 636902.5 -9999 -9999 -9999 -9999 -9999 -9999 -9999 -9999 -9999 -9999 -9999 -9999 -9999 -9999 -9999 -9999 -9999 -9999 -9999 343.8065 -9999 -9999 -9999 -9999 -9999 -9999 -9999 -9999 -9999 -9999 -9999 -9999 -9999 -9999 -9999 -9999 -9999 -9999 -9999 -9999 -9999 -9999 -9999 -9999 -9999 -9999 744.8682 15251.49 71231.45 222350.5 29702.75 56089.79 57492.98 35584.34 61132.75 86112.86 127203.9 199053.4 61732.98 96835.41 161567.1 116671.4 63216.21 60502.52 35559.14 97607.86 5024.75
92399.93 272145.3 593082.9 747032 -9999 -9999 -9999 -9999 -9999 -9999 -9999 -9999 -9999 -9999 -9999 -9999 -9999 -9999 -9999 -9999 -9999 -9999 -9999 -9999 -9999 -9999 -9999 -9999 -9999 -9999 -9999 -9999 -9999 -9999 -9999 -9999 -9999 -9999 -9999 -9999 -9999 -9999 -9999 -9999 -9999 -9999 -9999 -9999 -9999 -9999 -9999 671841.1 51608.26 48209.69 18722.16 27219.2 26319.8 6293.185 24126.2 40846.87 30685.42 36082.69 46060.94 63645.63 122228.3 80339.64 65474.1 62807.99 27607.42 100614.6 98657.25
152961.4 356503.3 433282 -9999 -9999 -9999 -9999 -9999 -9999 -9999 -9999 -9999 -9999 -9999 -9999 -9999 -9999 -9999 -9999 -9999 -9999 -9999 -9999 -9999 -9999 -9999 -9999 -9999 -9999 -9999 -9999 -9999 -9999 -9999 -9999 -9999 -9999 -9999 -9999 -9999 -9999 -9999 -9999 -9999 -9999 -9999 -9999 -9999 -9999 -9999 666.2335 206480.8 75747.61 44281.38 138171.5 14697.93 15716.39 12583.15 41282.25 16245.31 35017.07 35358.7 42845.22 65378.21 63563.49 46808.24 72647.85 39685.43 33244.8 55279 119883.4
472926.5 119806.8 -9999 -9999 -9999 -9999 -9999 -9999 -9999 -9999 -9999 -9999 -9999 -9999 -9999 -9999 -9999 -9999 -9999 -9999 -9999 -9999 -9999 -9999 -9999 -9999 -9999 -9999 -9999 -9999 -9999 -9999 -9999 -9999 -9999 -9999 -9999 -9999 -9999 -9999 -9999 -9999 -9999 -9999 -9999 -9999 -9999 -9999 -9999 -9999 -9999 18432.66 117975.6 34874.02 28223.18 18133.27 9436.73 16435.57 18902.15 8392.146 43837.28 51654.07 42998.69 45847.23 126035.2 54881.04 62004.33 38831.23 45109.36 37094.79 28309.37
