WebGL/media/main/earth_globe/male.asc
ncols         360
nrows         145
xllcorner     -180
yllcorner     -60
cellsize      0.99999999999994
NODATA_value  -9999
[rows 32 to 63 of 145, columns 142 to 212 of 360]
-9999 -9999 -9999 -9999 -9999 -9999 -9999 -9999 -9999 -9999 -9999 -9999 -9999 -9999 -9999 -9999 -9999 -9999 -9999 -9999 -9999 -9999 -9999 -9999 -9999 -9999 -9999 3123.072 63415.98 126569.5 105999.4 89158.41 206.6699 39303.63 64135.97 731620.3 1634233 622923.4 328422.6 307868 -9999 -9999 1324204 893222.3 627689.4 424861.6 567758.4 603124.9 436588.1 237147.1 160485.4 1473437 150639.1 180532.7 407124.5 285143.9 287347.7 269481.5 572059.3 615584.1 164888.9 193767.2 71055.05 66053.83 99157.92 85542.98 43462.35 91087.3 173308.6 131421.3 75873.8
-9999 -9999 -9999 -9999 -9999 -9999 -9999 -9999 -9999 -9999 -9999 -9999 -9999 -9999 -9999 -9999 -9999 -9999 -9999 -9999 -9999 -9999 -9999 -9999 -9999 -9999 -9999 2523.671 17342.27 121109.8 4442.113 -9999 8708.363 125489.4 602337.9 734653.8 516347.6 3603029 1534293 199452.7 115947 410545 1570155 1162634 1789715 1857766 540261.9 409944.6 302755.6 362001 507753.1 397463.4 271768.2 270071.4 420289.9 374581.9 253580.1 566870.7 241997.7 320654.1 350897.6 115110.4 96446.58 88623.55 92922.31 52302.82 49777.5 37598.45 42246.37 172230.4 58167.46
-9999 -9999 -9999 -9999 -9999 -9999 -9999 -9999 -9999 -9999 -9999 -9999 -9999 -9999 -9999 -9999 -9999 -9999 -9999 -9999 -9999 -9999 -9999 -9999 -9999 -9999 -9999 -9999 -9999 -9999 -9999 -9999 84021.95 188723.3 210314.1 125438.2 540216.8 285069.6 133967.9 166944.6 531201.1 1108229 1228128 706537.6 774042.6 896059.9 1172153 332882.3 351588 361974.9 551308.6 359037.4 813548.1 400440.8 358554.5 283058 871248.9 908764.5 431543.7 382362.4 301530.7 196240.5 186604 206548.7 227315.1 119126.8 194071.6 101391.9 1183026 108293.5 91557.84
-9999 -9999 -9999 -9999 -9999 -9999 -9999 -9999 -9999 -9999 -9999 -9999 -9999 -9999 -9999 -9999 -9999 -9999 -9999 -9999 -9999 -9999 -9999 -9999 -9999 -9999 -9999 -9999 -9999 -9999 -9999 683.4292 484.1105 -9999 -9999 54584.56 105344.6 156235.3 270599.6 385479.6 566402.7 213235.3 189613.1 198950.7 685792.4 504899 1296756 530001.1 416370.7 522140.2 250861.7 235583.8 262204.2 223146.4 408233.2 398917 730563.6 465008.3 420261.8 321213.7 195962.9 403233.6 365987.6 238988 172540.6 149718.5 282692.1 96136.75 184052.8 143689.6 164242.3
-9999 -9999 -9999 -9999 -9999 -9999 -9999 -9999 -9999 -9999 -9999 -9999 -9999 -9999 -9999 -9999 -9999 -9999 -9999 -9999 -9999 -9999 -9999 -9999 -9999 -9999 -9999 -9999 -9999 -9999 -9999 -9999 232.6523 176679 115264.5 147610.1 309583 146326.3 148115.7 327853.6 3458089 139803.4 132720 95106.67 276268.5 626372.8 700563.6 1134812 537577.8 1042972 367525.3 290532.6 365939.5 179647.9 867852.1 505436.5 331381.4 219327 266062 345536.1 290930.5 219474.2 283779.6 312119 233301.6 169267.5 145075.9 128924.7 140316.2 83302.65 147072.3
-9999 -9999 -9999 -9999 -9999 -9999 -9999 -9999 -9999 -9999 -9999 -9999 -9999 -9999 -9999 -9999 -9999 -9999 -9999 -9999 -9999 -9999 -9999 -9999 -9999 -9999 -9999 -9999 -9999 -9999 -9999 -9999 -9999 36010.19 121484.3 205737 395644.3 263694 266965.9 212986.8 143654.8 94956.77 70854.49 191104.5 280906 801464.4 1086553 596162.8 228167.1 292903.1 237604.1 204186 91075.41 261527.5 290505.3 251739.3 460702.5 886356.5 195103.9 339960.5 211943.8 226427.3 149361.3 117896.9 312073.4 343075 400199.5 171176.4 65136.81 87043.32 72503.16
-9999 -9999 -9999 -9999 -9999 -9999 -9999 -9999 -9999 -9999 -9999 -9999 -9999 -9999 -9999 -9999 -9999 -9999 -9999 -9999 -9999 -9999 -9999 -9999 -9999 -9999 -9999 -9999 -9999 -9999 -9999 -9999 -9999 -9999 -9999 9042.895 209063.8 172632.6 145716.9 87517.7 79332.7 112430.5 229375.2 164230.8 622207.8 367967.2 148036.7 146542.1 69424.27 258561.2 112973.4 186666 353689.8 356652.8 267349.9 160937.2 251374 207053.2 221370 212242.2 83467.05 285609.8 234184.5 127835.5 282125.2 189648.3 293656.7 246899.7 501133.9 64604.98 321469.3
-9999 -9999 -9999 -9999 -9999 -9999 -9999 -9999 -9999 -9999 -9999 -9999 -9999 -9999 -9999 -9999 -9999 -9999 -9999 -9999 -9999 -9999 -9999 -9999 -9999 -9999 -9999 -9999 -9999 -9999 -9999 -9999 -9999 -9999 -9999 -9999 30134.27 168811 148376.4 172346.3 52546.04 229955.8 839682.1 509681.4 173339.4 633531.9 806066.4 2055557 671622.8 835010.5 623806.1 264639.8 175207.5 333843.9 281888.1 140320.4 227336.2 317433.5 190882.1 263279.2 121793.1 169927.9 219223.2 346550.7 195167.3 286289.2 262747.3 68991.37 4553.536 -9999 6522.832
-9999 -9999 -9999 -9999 -9999 -9999 -9999 -9999 -9999 -9999 -9999 -9999 -9999 -9999 -9999 -9999 -9999 -9999 -9999 -9999 -9999 -9999 -9999 -9999 -9999 -9999 -9999 -9999 -9999 -9999 -9999 -9999 -9999 -9999 -9999 -9999 39534.86 385734.5 149532.9 108439.9 103730.7 51458.85 267599.7 78379.4 53960.58 280290.5 457073.5 211010.4 551551.9 533553.6 259089 26808.85 11706.03 80733.63 114589 259949.4 325300.6 263037 778533.7 136958.3 143435.7 257155.3 294064.6 379806.1 890897.6 137023.7 216278.9 1075.812 -9999 -9999 -9999
-9999 -9999 -9999 -9999 -9999 -9999 -9999 -9999 -9999 -9999 -9999 -9999 -9999 -9999 -9999 -9999 -9999 -9999 -9999 -9999 -9999 -9999 -9999 -9999 -9999 -9999 -9999 -9999 7134.707 235272.4 75512.7 42883.91 304652 59755.55 254557.5 420108.6 240224.7 185144 119537 486950.8 163730 318901.5 294039.3 742867.1 238312.2 323171.5 18146.04 188.519 438250.7 513110 313246.4 308367.8 -9999 26168.2 154331 165797.5 206918.9 112503.4 213315 313113 106908.1 139048 171888.7 185508.4 182356 249518.3 57092.64 -9999 -9999 -9999 -9999
-9999 -9999 -9999 -9999 -9999 -9999 -9999 -9999 -9999 -9999 -9999 -9999 -9999 -9999 -9999 -9999 -9999 -9999 -9999 -9999 -9999 -9999 -9999 -9999 -9999 -9999 -9999 -9999 17272.64 437599.6 118525.5 65424.61 111381.4 39857 92167.83 227932 201210.8 40215.11 31959.68 87994.18 213250.3 48974.79 -9999 -9999 1016.349 -9999 11215.31 46422.6 33901.16 107799 360760.8 256701.7 218218.2 265.0457 3703.097 12742.69 82433.18 173005.2 364810.5 432807.1 110077.5 587790.1 288823.4 197447.7 125396.3 143985.7 1.245638 -9999 -9999 -9999 -9999
-9999 -9999 -9999 -9999 -9999 -9999 -9999 -9999 -9999 -9999 -9999 -9999 -9999 -9999 -9999 -9999 -9999 -9999 -9999 -9999 -9999 -9999 -9999 -9999 -9999 -9999 -9999 -9999 -9999 984470.8 123684 35844.05 66002.81 212214.1 34586.63 26476.67 128182.1 209601.5 152553.8 557723.1 1587641 33651.38 -9999 -9999 -9999 -9999 31635.05 24150.18 -9999 2.014303 1190408 328907.4 403877.7 238885.8 388096.8 15256.49 -9999 426825.4 251581.3 281582.7 164083.2 132817.7 125475 159353 154203.6 282016.1 2780040 1026027 33911.03 181609.7 201625.3
-9999 -9999 -9999 -9999 -9999 -9999 -9999 -9999 -9999 -9999 -9999 -9999 -9999 -9999 -9999 -9999 -9999 -9999 -9999 -9999 -9999 -9999 -9999 -9999 -9999 -9999 -9999 -9999 -9999 368465.7 141967.2 43653.87 113490.8 178079.4 2175829 23879.16 35295.27 55691.14 105169.6 -9999 -9999 5263.101 1690.839 -9999 -9999 -9999 128504.2 89083.7 -9999 -9999 1168.662 23327.62 1395379 227934.6 193139.3 380530 189306.1 199000.7 123192.9 111003.5 450354.6 89295.71 44156.7 26873.82 128774.7 144476.6 502179.5 1884601 444530 180999.4 452931.8
-9999 -9999 -9999 -9999 -9999 -9999 1477.889 -9999 -9999 983.5966 486.4482 -9999 -9999 -9999 -9999 -9999 -9999 -9999 -9999 -9999 -9999 -9999 -9999 -9999 -9999 -9999 -9999 -9999 92399.95 252680.8 52104.76 94679.34 49107.55 96066.19 139852 71572.46 64056.15 861319.6 5193.632 11340.85 227882.4 74925.84 19796.29 -9999 -9999 -9999 138045.5 183259.6 -9999 -9999 -9999 -9999 -9999 28730.56 244400.9 31830.32 48937.15 34862.55 100711.3 85048.69 158855.9 15861.53 430.8791 7414.125 148443.8 315910.6 134252.6 170528.3 325596 41895.49 1008625
-9999 -9999 -9999 -9999 -9999 -9999 -9999 -9999 -9999 12236 20624.15 -9999 -9999 -9999 -9999 -9999 -9999 -9999 -9999 -9999 -9999 -9999 -9999 -9999 -9999 -9999 -9999 -9999 808334.3 132743.5 81013.87 139330.8 50252.16 62011.47 130527.3 38243.16 207477.1 638480 45332.72 43734.08 -9999 -9999 -9999 -9999 -9999 -9999 2759.268 55.5132 -9999 -9999 40572.47 329588.2 49896.81 253697.7 211978.5 5093.921 -9999 -9999 31791.69 158809.9 94560.56 636829.1 15432.43 1142.383 176623.9 1427547 246954.9 173013.4 180212.1 110624.3 147078.9
-9999 -9999 -9999 -9999 -9999 -9999 -9999 -9999 -9999 -9999 -9999 -9999 47947.96 -9999 -9999 -9999 -9999 -9999 -9999 -9999 -9999 -9999 -9999 -9999 -9999 -9999 -9999 -9999 -9999 111350.6 118322.7 309508.9 439538.9 302082.8 326205.8 60410.96 275680.3 135092.6 -9999 -9999 -9999 -9999 -9999 -9999 17694.25 3977.822 1982.487 142336.8 39616.69 1859.55 98526.46 217185.6 273108.7 357754.8 1398.354 -9999 -9999 -9999 12492.73 74555.23 121891.3 738879.3 24299.68 16408.17 19416.19 303973 217598.3 268276.5 336903 109985.7 260785.8
-9999 -9999 -9999 -9999 -9999 -9999 -9999 -9999 -9999 -9999 -9999 -9999 1859.136 -9999 -9999 -9999 -9999 -9999 -9999 -9999 -9999 -9999 -9999 -9999 -9999 -9999 -9999 -9999 -9999 -9999 378.0832 248297.7 265283.1 440489.5 78680.97 172182.5 1979.272 -9999 177920.7 430705.9 930519.3 1618196 754843.3 713535 875772.3 651327.1 280521.7 257750.5 1100911 22938.1 457.6465 -9999 110226.3 28903.94 -9999 -9999 -9999 -9999 -9999 6206.365 19429.17 3520.154 2724.851 8122.191 3421.968 29027.24 97749.06 111578.4 319218.2 59131.52 140564.7
-9999 -9999 -9999 -9999 -9999 -9999 -9999 -9999 -9999 -9999 -9999 -9999 -9999 -9999 -9999 -9999 -9999 -9999 -9999 -9999 -9999 -9999 -9999 -9999 -9999 -9999 -9999 -9999 -9999 -9999 -9999 74741.59 713765.3 60841.75 123852.7 168099.3 193596.4 782930.1 580460.9 317827.7 165924.9 136326.4 247261.7 345571 316153.8 253555.4 234651.7 206362.1 567759.7 27670.32 2184.913 -9999 134629.6 -9999 -9999 -9999 -9999 -9999 -9999 -9999 -9999 17032.38 74459.61 106050.3 5630.132 2362.804 -9999 -9999 -9999 -9999 16595.6
-9999 -9999 -9999 -9999 -9999 -9999 -9999 -9999 -9999 -9999 -9999 -9999 -9999 -9999 -9999 -9999 -9999 -9999 -9999 -9999 -9999 -9999 -9999 -9999 -9999 -9999 -9999 -9999 -9999 -9999 -9999 651423.2 607704.3 509436.9 134850.5 201915.2 405306.8 82169.6 96561.36 38685.72 93910.13 195131.9 55634.52 185534 40461.72 36818.8 130179 128431.9 263095.6 4931.769 -9999 -9999 -9999 -9999 -9999 -9999 -9999 -9999 -9999 -9999 -9999 1.014709 808.8531 1360.403 13.53171 -9999 -9999 -9999 -9999 -9999 53138.31
-9999 -9999 -9999 -9999 -9999 -9999 -9999 -9999 -9999 -9999 -9999 -9999 -9999 -9999 -9999 -9999 -9999 -9999 -9999 -9999 -9999 2017.034 -9999 -9999 -9999 -9999 -9999 -9999 -9999 176027.9 1646490 531074.1 487360.3 155585 41330.59 7968.84 8202.676 30389.33 20461.59 21451.61 63260.65 30454.73 11338.03 69804.18 148354 30597.83 31771.2 59003.66 189094.5 24894.53 -9999 -9999 -9999 -9999 -9999 -9999 -9999 -9999 -9999 -9999 -9999 -9999 -9999 -9999 -9999 -9999 -9999 -9999 -9999 -9999 -9999
-9999 -9999 -9999 -9999 -9999 -9999 -9999 -9999 -9999 -9999 -9999 -9999 -9999 -9999 -9999 -9999 -9999 -9999 -9999 -9999 12983.54 74453.08 -9999 -9999 -9999 -9999 -9999 -9999 163256.1 319942.3 284151.2 486399.3 128574.6 61977 15946 5356.915 16725.18 25211.34 14262.6 7956.729 8275.103 60593.15 58099.56 25982.27 23957.24 2040.248 2842.569 7610.29 28317.23 79519.27 191538.5 579347.6 68988.8 8452.08 -9999 -9999 -9999 78.03496 59544.14 65084.08 22752.19 3821.108 50.41607 -9999 -9999 -9999 -9999 -9999 -9999 -9999 -9999
-9999 -9999 -9999 -9999 -9999 -9999 -9999 -9999 -9999 -9999 -9999 -9999 -9999 -9999 -9999 -9999 -9999 -9999 -9999 -9999 -9999 -9999 -9999 -9999 -9999 -9999 -9999 -9999 161522.9 275175.6 543672.1 118600.2 80817.98 95787.68 10384.67 32737.59 35110.49 1708.824 1209.452 12066.12 5406.252 3867.466 16175.26 18662.53 1586.011 223.7796 223.7796 1126.723 4404.674 7470.344 14397.3 42315.94 67461.15 24995.68 1496.833 335.3276 -9999 4626.1 155577.7 84623.23 27004.54 8439.939 7337.974 6530.627 27074.59 42505.96 2237.781 953859.8 2053231 1982706 290957.8
-9999 -9999 -9999 -9999 -9999 -9999 -9999 -9999 -9999 -9999 -9999 -9999 -9999 -9999 -9999 -9999 -9999 -9999 -9999 -9999 -9999 -9999 -9999 -9999 -9999 -9999 -9999 -9999 539052.9 140906.6 38653.41 69047.33 52555.5 2229.369 2403.416 5019.456 2714.391 2239.004 1866.085 3764.65 3836.544 3780.824 2574.147 2427.071 2082.275 287.021 326.1733 1569.899 4902.416 5869.37 14549.09 18975.58 29292.29 6921.882 6921.882 6674.326 3551.908 1396.082 3289.833 3344.356 5539.257 7112.49 6425.995 7.299499 -9999 1228.799 6276.37 210654.1 1948436 8710800 468817.8
-9999 -9999 -9999 -9999 -9999 -9999 -9999 -9999 -9999 -9999 -9999 -9999 -9999 -9999 -9999 -9999 -9999 -9999 -9999 -9999 -9999 -9999 -9999 -9999 15457.87 -9999 -9999 38724.96 104705 14941.41 11068.09 2921.63 2150.417 272.5613 309.5132 2602.08 2879.97 7513.06 7355.611 7959.568 2277.178 2342.353 2303.224 1156.774 280.2546 281.2271 444.592 1871.474 5370.829 5888.966 14696.44 14696.44 9512.679 4026.173 4670.184 5611.191 5683.126 3378.176 3378.227 3378.227 3378.227 7127.26 6666.021 4046.001 3520.538 -9999 -9999 -9999 970642.7 2092626 97913.92
-9999 -9999 -9999 -9999 -9999 -9999 -9999 -9999 -9999 -9999 -9999 -9999 -9999 -9999 -9999 -9999 -9999 -9999 -9999 72.5108 35655.61 306598.8 190663.4 17551.98 58385.77 75.38189 26480.98 18786.21 10442.63 2756.793 377.6266 136.7414 136.7414 183.7192 301.6716 1147.475 3654.282 15664.08 6353.176 3338.491 2516.52 1892.031 568.7412 343.6571 249.0496 249.0496 543.9882 1669.688 3226.654 3086.669 3299.203 3273.987 2729.738 1872.079 1688.563 1775.359 3331.03 3303.56 3411.07 3409.729 3411.07 6697.084 6992.22 -9999 55.15139 -9999 9358.129 1827.995 1125290 21211.48 7596.798
-9999 -9999 -9999 -9999 -9999 -9999 -9999 -9999 -9999 -9999 -9999 -9999 -9999 -9999 -9999 -9999 -9999 -9999 -9999 1544.926 2129.037 100.8327 106945.7 -9999 69541.09 3897.058 624.4934 254.316 212.1472 1591.263 2350.623 2174.76 712.0959 138.0164 296.7129 6415.189 6947.927 20634.56 4868.715 3853.837 2221.551 454.0652 386.8451 335.1537 301.9489 580.5187 967.0515 1729.656 2196.499 2836.733 3228.279 4246.221 10553.87 20197.28 3128.986 1704.307 1704.307 3109.673 3384.025 3404.426 3409.185 3378.897 3325.961 -9999 -9999 3049.931 1320.135 -9999 833817.5 598007.1 1354.589
-9999 -9999 -9999 -9999 -9999 -9999 -9999 -9999 -9999 -9999 -9999 -9999 -9999 -9999 -9999 -9999 -9999 -9999 -9999 -9999 -9999 -9999 -9999 15092.25 7125.725 354.2547 17437.72 31.34515 24.68292 113.6619 1007.786 2279.828 2508.625 1984.79 1172.039 2457.329 2297.547 1447.754 6629.796 7261.42 2225.434 1923.287 286.9638 295.5875 503.6194 912.862 912.862 1165.687 1763.353 4173.572 8242.238 8428.734 14676.21 3707.107 1315.605 1629.142 1582.534 651.6771 439.1036 439.1036 439.1036 439.1036 439.1028 -9999 -9999 4837.637 -9999 -9999 -9999 1257928 621563.3
-9999 -9999 -9999 -9999 -9999 -9999 -9999 -9999 -9999 -9999 -9999 -9999 -9999 -9999 -9999 -9999 -9999 -9999 -9999 -9999 -9999 -9999 -9999 405.5362 280.8814 142.1327 125.6377 125.646 125.5645 125.6389 125.7376 267.8384 1107.525 628.8134 593.5402 616.2958 616.7509 616.7509 616.7509 1187.203 939.952 1335.592 145.5216 269.712 459.119 772.8984 638.0566 1058.496 1767.907 3552.627 3355.207 1378.416 1082.335 1082.335 1082.335 1082.335 1082.335 551.7762 442.8576 442.8576 442.8576 442.8576 442.8567 -9999 -9999 -9999 22539.91 5132.619 24610.56 -9999 620721.6
-9999 -9999 -9999 -9999 -9999 -9999 -9999 -9999 -9999 -9999 -9999 -9999 -9999 -9999 -9999 -9999 -9999 -9999 -9999 -9999 -9999 -9999 671.1618 629.2171 90.35483 43.0491 82.98743 82.98731 82.98719 82.98707 82.98695 162.1573 236.4158 283.5699 411.681 462.8107 500.2024 540.043 583.1917 468.2674 146.7025 146.7025 146.7025 235.8309 295.8974 317.4006 522.613 1091.114 1358.244 1282.701 1091.18 1091.18 1091.18 1091.18 1091.18 1091.18 1091.18 559.1323 446.4766 446.4766 446.4766 446.4766 446.4758 -9999 -9999 -9999 -9999 -9999 3566.759 -9999 217725.9
-9999 -9999 -9999 -9999 -9999 -9999 -9999 -9999 -9999 -9999 -9999 -9999 -9999 -9999 -9999 -9999 -9999 -9999 -9999 -9999 -9999 668.7511 36417.86 647.0176 14.25495 32.67201 83.62893 83.62893 83.62893 84.90855 92.78776 158.2912 238.2601 238.2601 242.3393 339.5932 445.9521 453.2677 453.2677 341.652 278.0357 249.7823 275.8459 3426.707 358.4504 269.4304 722.759 599.6428 999.6733 867.4075 724.2835 962.3181 1099.68 965.8802 930.4667 1099.693 1099.693 566.3634 449.9597 449.9597 449.9597 449.9597 449.9588 -9999 -9999 -9999 -9999 -9999 1281.052 -9999 43285.07
-9999 -9999 -9999 -9999 -9999 -9999 -9999 -9999 -9999 -9999 -9999 -9999 -9999 -9999 -9999 -9999 -9999 -9999 -9999 -9999 -9999 1013.985 1401.383 240.0638 10.47804 11928.46 84.25081 84.27657 89.37537 96.96215 97.90668 216.5769 247.6805 240.0319 240.0319 240.0319 272.4278 405.3133 456.6383 454.2648 452.5402 452.5402 601.956 7821.659 3563.619 165.68 165.68 209.1155 579.4497 185.6173 184.628 205.7681 363.7278 519.1487 343.0131 527.6343 895.4662 572.5809 453.3057 453.3057 453.3057 453.3057 453.3048 4.412674 5.439823 6.195433 6.369357 4.4436 5.968419 6406.602 25.44428
-9999 -9999 -9999 -9999 -9999 -9999 -9999 -9999 -9999 -9999 -9999 -9999 -9999 -9999 -9999 -9999 -9999 -9999 -9999 -9999 1535.948 1537.013 440.8983 528.4412 574.3733 495.3865 91.13853 94.96735 98.59953 98.59953 118.6006 265.8355 289.5257 241.7305 241.7305 241.7305 241.7305 289.3903 485.3151 741.6714 364.4735 390.7473 1866.752 8143.698 4407.136 315.7846 340.1393 511.693 520.9351 185.9346 185.9346 185.9346 185.9346 457.019 464.2788 337.1797 337.1797 364.6188 421.1406 457.9419 456.5136 456.5136 456.5144 897.7867 897.7943 897.7943 897.7943 897.7878 891.9996 863.5053 5288.413
